-239.20	-146.28	244.72	
-239.20	-146.28	244.72	
-239.20	-146.28	244.72	
-249.32	-6.44	218.96	
-347.76	-180.32	153.64	
-347.76	-180.32	153.64	
-347.76	-180.32	153.64	
-347.76	-180.32	153.64	
-347.76	-180.32	153.64	
-339.48	-212.52	159.16	
-339.48	-213.44	157.32	
-338.56	-210.68	162.84	
-334.88	-209.76	164.68	
-335.80	-206.08	166.52	
-335.80	-206.08	166.52	
-335.80	-206.08	166.52	
-335.80	-206.08	166.52	
-335.80	-206.08	166.52	
-335.80	-206.08	166.52	
-335.80	-206.08	166.52	
-328.44	-208.84	175.72	
-328.44	-206.08	178.48	
-324.76	-201.48	183.08	
-321.08	-195.96	184.92	
-321.08	-195.96	184.92	
-321.08	-195.96	184.92	
-321.08	-195.96	184.92	
-321.08	-195.96	184.92	
-321.08	-195.96	184.92	
-321.08	-195.96	184.92	
-214.36	-180.32	274.16	
-207.00	-173.88	283.36	
-200.56	-172.96	284.28	
-169.28	-170.20	302.68	
-155.48	-171.12	302.68	
-155.48	-171.12	302.68	
-155.48	-171.12	302.68	
-155.48	-171.12	302.68	
-155.48	-171.12	302.68	
-155.48	-171.12	302.68	
-35.88	-184.92	340.40	
-16.56	-186.76	344.08	
16.56	-201.48	353.28	
34.04	-206.08	345.92	
44.16	-209.76	348.68	
44.16	-209.76	348.68	
44.16	-209.76	348.68	
44.16	-209.76	348.68	
44.16	-209.76	348.68	
44.16	-209.76	348.68	
177.56	-202.40	342.24	
205.16	-195.96	340.40	
231.84	-194.12	327.52	
249.32	-197.80	328.44	
253.92	-196.88	320.16	
253.92	-196.88	320.16	
253.92	-196.88	320.16	
253.92	-196.88	320.16	
253.92	-196.88	320.16	
253.92	-196.88	320.16	
353.28	-207.00	276.92	
366.16	-207.92	267.72	
368.92	-218.96	264.96	
378.12	-230.00	263.12	
410.32	-225.40	233.68	
410.32	-225.40	233.68	
410.32	-225.40	233.68	
410.32	-225.40	233.68	
410.32	-225.40	233.68	
410.32	-225.40	233.68	
410.32	-225.40	233.68	
512.44	-239.20	104.88	
517.04	-242.88	98.44	
528.08	-243.80	75.44	
536.36	-245.64	49.68	
536.36	-245.64	49.68	
536.36	-245.64	49.68	
536.36	-245.64	49.68	
536.36	-245.64	49.68	
536.36	-245.64	49.68	
536.36	-245.64	49.68	
543.72	-276.92	-45.08	
537.28	-276.00	-63.48	
540.04	-276.00	-77.28	
538.20	-276.92	-97.52	
534.52	-277.84	-106.72	
534.52	-277.84	-106.72	
534.52	-277.84	-106.72	
534.52	-277.84	-106.72	
534.52	-277.84	-106.72	
534.52	-277.84	-106.72	
501.40	-298.08	-183.08	
492.20	-300.84	-200.56	
479.32	-310.96	-212.52	
472.88	-316.48	-216.20	
466.44	-321.08	-226.32	
466.44	-321.08	-226.32	
466.44	-321.08	-226.32	
466.44	-321.08	-226.32	
466.44	-321.08	-226.32	
466.44	-321.08	-226.32	
466.44	-321.08	-226.32	
415.84	-354.20	-259.44	
413.08	-357.88	-266.80	
403.88	-358.80	-266.80	
399.28	-357.88	-269.56	
399.28	-357.88	-269.56	
399.28	-357.88	-269.56	
399.28	-357.88	-269.56	
399.28	-357.88	-269.56	
399.28	-357.88	-269.56	
393.76	-362.48	-274.16	
393.76	-360.64	-274.16	
389.16	-360.64	-278.76	
383.64	-359.72	-284.28	
381.80	-348.68	-288.88	
381.80	-348.68	-288.88	
381.80	-348.68	-288.88	
381.80	-348.68	-288.88	
381.80	-348.68	-288.88	
381.80	-348.68	-288.88	
381.80	-348.68	-288.88	
296.24	-299.00	-356.96	
284.28	-297.16	-365.24	
272.32	-284.28	-375.36	
244.72	-269.56	-386.40	
244.72	-269.56	-386.40	
244.72	-269.56	-386.40	
244.72	-269.56	-386.40	
244.72	-269.56	-386.40	
244.72	-269.56	-386.40	
244.72	-269.56	-386.40	
129.72	-237.36	-412.16	
112.24	-233.68	-412.16	
99.36	-229.08	-416.76	
58.88	-219.88	-418.60	
58.88	-219.88	-418.60	
58.88	-219.88	-418.60	
58.88	-219.88	-418.60	
58.88	-219.88	-418.60	
58.88	-219.88	-418.60	
58.88	-219.88	-418.60	
-101.20	-188.60	-393.76	
-109.48	-191.36	-391.00	
-115.92	-189.52	-387.32	
-113.16	-190.44	-387.32	
-117.76	-190.44	-385.48	
-117.76	-190.44	-385.48	
-117.76	-190.44	-385.48	
-117.76	-190.44	-385.48	
-117.76	-190.44	-385.48	
-117.76	-190.44	-385.48	
-212.52	-195.96	-333.04	
-228.16	-201.48	-325.68	
-237.36	-205.16	-313.72	
-252.08	-210.68	-311.88	
-252.08	-210.68	-311.88	
-252.08	-210.68	-311.88	
-252.08	-210.68	-311.88	
-252.08	-210.68	-311.88	
-252.08	-210.68	-311.88	
-252.08	-210.68	-311.88	
-227.24	-232.76	-318.32	
-224.48	-231.84	-326.60	
-208.84	-226.32	-333.04	
-184.92	-222.64	-352.36	
-184.92	-222.64	-352.36	
-184.92	-222.64	-352.36	
-184.92	-222.64	-352.36	
-184.92	-222.64	-352.36	
-184.92	-222.64	-352.36	
-184.92	-222.64	-352.36	
62.56	-241.04	-418.60	
103.96	-255.76	-413.08	
116.84	-259.44	-410.32	
138.92	-260.36	-411.24	
149.04	-260.36	-409.40	
149.04	-260.36	-409.40	
149.04	-260.36	-409.40	
149.04	-260.36	-409.40	
149.04	-260.36	-409.40	
149.04	-260.36	-409.40	
334.88	-289.80	-343.16	
368.92	-291.64	-327.52	
396.52	-283.36	-308.20	
409.40	-284.28	-296.24	
425.96	-284.28	-284.28	
425.96	-284.28	-284.28	
425.96	-284.28	-284.28	
425.96	-284.28	-284.28	
425.96	-284.28	-284.28	
425.96	-284.28	-284.28	
425.96	-284.28	-284.28	
514.28	-333.04	32.20	
509.68	-343.16	52.44	
498.64	-345.92	63.48	
494.96	-345.92	75.44	
494.96	-345.92	75.44	
494.96	-345.92	75.44	
494.96	-345.92	75.44	
494.96	-345.92	75.44	
494.96	-345.92	75.44	
361.56	-318.32	251.16	
349.60	-313.72	258.52	
320.16	-296.24	276.00	
285.20	-284.28	296.24	
250.24	-280.60	307.28	
250.24	-280.60	307.28	
250.24	-280.60	307.28	
250.24	-280.60	307.28	
250.24	-280.60	307.28	
250.24	-280.60	307.28	
250.24	-280.60	307.28	
34.96	-258.52	341.32	
18.40	-254.84	341.32	
-14.72	-244.72	340.40	
-43.24	-240.12	331.20	
-43.24	-240.12	331.20	
-43.24	-240.12	331.20	
-43.24	-240.12	331.20	
-43.24	-240.12	331.20	
-43.24	-240.12	331.20	
-43.24	-240.12	331.20	
-211.60	-218.96	271.40	
-224.48	-217.12	260.36	
-230.92	-218.96	257.60	
-241.96	-220.80	248.40	
-245.64	-221.72	240.12	
-245.64	-221.72	240.12	
-245.64	-221.72	240.12	
-245.64	-221.72	240.12	
-245.64	-221.72	240.12	
-245.64	-221.72	240.12	
-287.04	-218.04	218.04	
-292.56	-210.68	209.76	
-310.96	-210.68	185.84	
-322.92	-207.92	173.88	
-333.04	-206.08	164.68	
-333.04	-206.08	164.68	
-333.04	-206.08	164.68	
-333.04	-206.08	164.68	
-333.04	-206.08	164.68	
-333.04	-206.08	164.68	
-333.04	-206.08	164.68	
-397.44	-179.40	-99.36	
-392.84	-173.88	-117.76	
-384.56	-178.48	-143.52	
-379.96	-179.40	-161.00	
-379.96	-179.40	-161.00	
-379.96	-179.40	-161.00	
-379.96	-179.40	-161.00	
-379.96	-179.40	-161.00	
-379.96	-179.40	-161.00	
-315.56	-191.36	-263.12	
-305.44	-192.28	-274.16	
-287.96	-208.84	-289.80	
-266.80	-223.56	-306.36	
-236.44	-231.84	-329.36	
-236.44	-231.84	-329.36	
-236.44	-231.84	-329.36	
-236.44	-231.84	-329.36	
-236.44	-231.84	-329.36	
-236.44	-231.84	-329.36	
-236.44	-231.84	-329.36	
-166.52	-222.64	-372.60	
-161.92	-222.64	-371.68	
-153.64	-227.24	-376.28	
-142.60	-235.52	-377.20	
-142.60	-235.52	-377.20	
-142.60	-235.52	-377.20	
-142.60	-235.52	-377.20	
-142.60	-235.52	-377.20	
-142.60	-235.52	-377.20	
-142.60	-235.52	-377.20	
-45.08	-217.12	-410.32	
5.52	-203.32	-423.20	
29.44	-197.80	-425.04	
75.44	-184.92	-425.04	
91.08	-185.84	-427.80	
91.08	-185.84	-427.80	
91.08	-185.84	-427.80	
91.08	-185.84	-427.80	
91.08	-185.84	-427.80	
91.08	-185.84	-427.80	
320.16	-176.64	-375.36	
350.52	-176.64	-359.72	
369.84	-192.28	-344.08	
385.48	-195.04	-336.72	
395.60	-198.72	-327.52	
395.60	-198.72	-327.52	
395.60	-198.72	-327.52	
395.60	-198.72	-327.52	
395.60	-198.72	-327.52	
395.60	-198.72	-327.52	
395.60	-198.72	-327.52	
507.84	-217.12	-207.00	
513.36	-207.92	-195.96	
519.80	-207.92	-184.92	
521.64	-206.08	-181.24	
521.64	-206.08	-181.24	
521.64	-206.08	-181.24	
521.64	-206.08	-181.24	
521.64	-206.08	-181.24	
521.64	-206.08	-181.24	
546.48	-184.92	-128.80	
547.40	-182.16	-128.80	
548.32	-180.32	-118.68	
547.40	-184.00	-122.36	
545.56	-187.68	-124.20	
545.56	-187.68	-124.20	
545.56	-187.68	-124.20	
545.56	-187.68	-124.20	
545.56	-187.68	-124.20	
545.56	-187.68	-124.20	
507.84	-218.96	-203.32	
492.20	-219.88	-226.32	
482.08	-215.28	-241.96	
451.72	-227.24	-272.32	
437.92	-233.68	-283.36	
437.92	-233.68	-283.36	
437.92	-233.68	-283.36	
437.92	-233.68	-283.36	
437.92	-233.68	-283.36	
437.92	-233.68	-283.36	
437.92	-233.68	-283.36	
339.48	-229.08	-357.88	
311.88	-217.12	-371.68	
291.64	-213.44	-381.80	
251.16	-204.24	-397.44	
251.16	-204.24	-397.44	
251.16	-204.24	-397.44	
251.16	-204.24	-397.44	
251.16	-204.24	-397.44	
251.16	-204.24	-397.44	
251.16	-204.24	-397.44	
-209.76	-150.88	-346.84	
-257.60	-148.12	-306.36	
-296.24	-141.68	-276.92	
-311.88	-138.00	-264.04	
-319.24	-135.24	-252.08	
-319.24	-135.24	-252.08	
-319.24	-135.24	-252.08	
-319.24	-135.24	-252.08	
-319.24	-135.24	-252.08	
-319.24	-135.24	-252.08	
-377.20	-146.28	-150.88	
-389.16	-153.64	-126.96	
-391.00	-163.76	-96.60	
-396.52	-174.80	-72.68	
-396.52	-174.80	-72.68	
-396.52	-174.80	-72.68	
-396.52	-174.80	-72.68	
-396.52	-174.80	-72.68	
-396.52	-174.80	-72.68	
-396.52	-174.80	-72.68	
-385.48	-229.08	69.92	
-375.36	-231.84	80.04	
-364.32	-236.44	103.96	
-354.20	-245.64	117.76	
-350.52	-250.24	129.72	
-350.52	-250.24	129.72	
-350.52	-250.24	129.72	
-350.52	-250.24	129.72	
-350.52	-250.24	129.72	
-350.52	-250.24	129.72	
-290.72	-301.76	194.12	
-288.88	-304.52	193.20	
-291.64	-303.60	188.60	
-294.40	-307.28	186.76	
-279.68	-308.20	196.88	
-279.68	-308.20	196.88	
-279.68	-308.20	196.88	
-279.68	-308.20	196.88	
-279.68	-308.20	196.88	
-279.68	-308.20	196.88	
-279.68	-308.20	196.88	
-284.28	-324.76	195.96	
-288.88	-325.68	181.24	
-289.80	-325.68	181.24	
-292.56	-330.28	174.80	
-292.56	-330.28	174.80	
-292.56	-330.28	174.80	
-292.56	-330.28	174.80	
-292.56	-330.28	174.80	
-292.56	-330.28	174.80	
-292.56	-330.28	174.80	
-273.24	-421.36	131.56	
-276.92	-422.28	115.92	
-288.88	-419.52	103.96	
-295.32	-418.60	103.96	
-299.92	-416.76	92.92	
-299.92	-416.76	92.92	
-299.92	-416.76	92.92	
-299.92	-416.76	92.92	
-299.92	-416.76	92.92	
-299.92	-416.76	92.92	
-299.92	-416.76	92.92	
-326.60	-353.28	103.96	
-333.96	-336.72	101.20	
-339.48	-328.44	103.96	
-343.16	-321.08	106.72	
-343.16	-321.08	106.72	
-343.16	-321.08	106.72	
-343.16	-321.08	106.72	
-343.16	-321.08	106.72	
-343.16	-321.08	106.72	
-343.16	-321.08	106.72	
-357.88	-287.96	99.36	
-358.80	-287.04	96.60	
-356.96	-301.76	86.48	
-356.04	-322.92	74.52	
-355.12	-323.84	71.76	
-355.12	-323.84	71.76	
-355.12	-323.84	71.76	
-355.12	-323.84	71.76	
-355.12	-323.84	71.76	
-355.12	-323.84	71.76	
-360.64	-335.80	41.40	
-360.64	-334.88	38.64	
-361.56	-346.84	20.24	
-364.32	-348.68	4.60	
-357.88	-355.12	-0.92	
-357.88	-355.12	-0.92	
-357.88	-355.12	-0.92	
-357.88	-355.12	-0.92	
-357.88	-355.12	-0.92	
-357.88	-355.12	-0.92	
-357.88	-355.12	-0.92	
-352.36	-363.40	-90.16	
-351.44	-363.40	-103.04	
-352.36	-351.44	-117.76	
-351.44	-345.00	-132.48	
-351.44	-345.00	-132.48	
-351.44	-345.00	-132.48	
-351.44	-345.00	-132.48	
-351.44	-345.00	-132.48	
-351.44	-345.00	-132.48	
-351.44	-345.00	-132.48	
-345.92	-264.96	-201.48	
-345.00	-249.32	-209.76	
-345.92	-241.96	-213.44	
-349.60	-225.40	-218.04	
-345.92	-218.04	-219.88	
-345.92	-218.04	-219.88	
-345.92	-218.04	-219.88	
-345.92	-218.04	-219.88	
-345.92	-218.04	-219.88	
-345.92	-218.04	-219.88	
-339.48	-146.28	-239.20	
-335.80	-136.16	-242.88	
-327.52	-125.12	-255.76	
-323.84	-115.92	-251.16	
-323.84	-105.80	-258.52	
-323.84	-105.80	-258.52	
-323.84	-105.80	-258.52	
-323.84	-105.80	-258.52	
-323.84	-105.80	-258.52	
-323.84	-105.80	-258.52	
-323.84	-105.80	-258.52	
-325.68	-47.84	-243.80	
-326.60	-37.72	-237.36	
-332.12	-30.36	-236.44	
-330.28	-27.60	-233.68	
-330.28	-27.60	-233.68	
-330.28	-27.60	-233.68	
-330.28	-27.60	-233.68	
-330.28	-27.60	-233.68	
-330.28	-27.60	-233.68	
-330.28	-27.60	-233.68	
-339.48	-21.16	-217.12	
-341.32	-22.08	-213.44	
-344.08	-24.84	-218.04	
-343.16	-23.92	-212.52	
-343.16	-23.92	-212.52	
-343.16	-23.92	-212.52	
-343.16	-23.92	-212.52	
-343.16	-23.92	-212.52	
-343.16	-23.92	-212.52	
-343.16	-23.92	-212.52	
-359.72	-24.84	-183.08	
-358.80	-23.92	-188.60	
-356.96	-26.68	-187.68	
-356.04	-32.20	-187.68	
-356.04	-29.44	-186.76	
-356.04	-29.44	-186.76	
-356.04	-29.44	-186.76	
-356.04	-29.44	-186.76	
-356.04	-29.44	-186.76	
-356.04	-29.44	-186.76	
-350.52	-18.40	-186.76	
-355.12	-12.88	-178.48	
-355.12	-9.20	-179.40	
-351.44	-2.76	-182.16	
-352.36	-0.92	-180.32	
-352.36	-0.92	-180.32	
-352.36	-0.92	-180.32	
-352.36	-0.92	-180.32	
-352.36	-0.92	-180.32	
-352.36	-0.92	-180.32	
-352.36	-0.92	-180.32	
-345.92	61.64	-137.08	
-345.00	69.00	-141.68	
-345.00	70.84	-137.08	
-345.92	76.36	-122.36	
-345.92	76.36	-122.36	
-345.92	76.36	-122.36	
-345.92	76.36	-122.36	
-345.92	76.36	-122.36	
-345.92	76.36	-122.36	
-345.92	76.36	-122.36	
-339.48	105.80	-54.28	
-335.80	110.40	-40.48	
-330.28	120.52	-24.84	
-326.60	121.44	-17.48	
-328.44	121.44	-10.12	
-328.44	121.44	-10.12	
-328.44	121.44	-10.12	
-328.44	121.44	-10.12	
-328.44	121.44	-10.12	
-328.44	121.44	-10.12	
-293.48	121.44	92.92	
-283.36	119.60	107.64	
-277.84	112.24	118.68	
-279.68	93.84	136.16	
-279.68	93.84	136.16	
-279.68	93.84	136.16	
-279.68	93.84	136.16	
-279.68	93.84	136.16	
-279.68	93.84	136.16	
-279.68	93.84	136.16	
-269.56	29.44	196.88	
-275.08	13.80	203.32	
-279.68	-16.56	207.00	
-281.52	-51.52	217.12	
-282.44	-65.32	222.64	
-282.44	-65.32	222.64	
-282.44	-65.32	222.64	
-282.44	-65.32	222.64	
-282.44	-65.32	222.64	
-282.44	-65.32	222.64	
-255.76	-262.20	240.12	
-253.00	-295.32	230.92	
-248.40	-310.96	228.16	
-244.72	-333.04	225.40	
-246.56	-339.48	216.20	
-246.56	-339.48	216.20	
-246.56	-339.48	216.20	
-246.56	-339.48	216.20	
-246.56	-339.48	216.20	
-246.56	-339.48	216.20	
-246.56	-339.48	216.20	
-251.16	-416.76	164.68	
-253.92	-419.52	155.48	
-259.44	-422.28	155.48	
-258.52	-427.80	143.52	
-258.52	-427.80	143.52	
-258.52	-427.80	143.52	
-258.52	-427.80	143.52	
-258.52	-427.80	143.52	
-258.52	-427.80	143.52	
-258.52	-427.80	143.52	
-254.84	-461.84	103.04	
-253.92	-467.36	98.44	
-252.08	-468.28	103.04	
-251.16	-470.12	101.20	
-253.00	-464.60	104.88	
-253.00	-464.60	104.88	
-253.00	-464.60	104.88	
-253.00	-464.60	104.88	
-253.00	-464.60	104.88	
-253.00	-464.60	104.88	
-261.28	-450.80	119.60	
-264.96	-447.12	113.16	
-264.04	-448.96	108.56	
-263.12	-459.08	105.80	
-262.20	-453.56	103.96	
-262.20	-453.56	103.96	
-262.20	-453.56	103.96	
-262.20	-453.56	103.96	
-262.20	-453.56	103.96	
-262.20	-453.56	103.96	
-266.80	-438.84	126.04	
-269.56	-435.16	122.36	
-269.56	-437.00	121.44	
-267.72	-441.60	115.92	
-267.72	-439.76	117.76	
-267.72	-439.76	117.76	
-267.72	-439.76	117.76	
-267.72	-439.76	117.76	
-267.72	-439.76	117.76	
-267.72	-439.76	117.76	
-267.72	-439.76	117.76	
-271.40	-453.56	94.76	
-271.40	-449.88	92.00	
-269.56	-450.80	97.52	
-276.92	-448.96	89.24	
-276.92	-448.96	89.24	
-276.92	-448.96	89.24	
-276.92	-448.96	89.24	
-276.92	-448.96	89.24	
-276.92	-448.96	89.24	
-276.92	-448.96	89.24	
-332.12	-395.60	49.68	
-331.20	-394.68	50.60	
-333.04	-392.84	50.60	
-329.36	-400.20	52.44	
-327.52	-398.36	57.04	
-327.52	-398.36	57.04	
-327.52	-398.36	57.04	
-327.52	-398.36	57.04	
-327.52	-398.36	57.04	
-327.52	-398.36	57.04	
-324.76	-408.48	55.20	
-322.92	-406.64	50.60	
-318.32	-412.16	57.04	
-320.16	-408.48	57.04	
-320.16	-413.08	57.04	
-320.16	-413.08	57.04	
-320.16	-413.08	57.04	
-320.16	-413.08	57.04	
-320.16	-413.08	57.04	
-320.16	-413.08	57.04	
-323.84	-403.88	58.88	
-320.16	-403.88	65.32	
-324.76	-401.12	62.56	
-326.60	-399.28	66.24	
-323.84	-397.44	60.72	
-323.84	-397.44	60.72	
-323.84	-397.44	60.72	
-323.84	-397.44	60.72	
-323.84	-397.44	60.72	
-323.84	-397.44	60.72	
-331.20	-374.44	80.96	
-334.88	-370.76	85.56	
-330.28	-366.16	88.32	
-330.28	-364.32	96.60	
-327.52	-358.80	98.44	
-327.52	-358.80	98.44	
-327.52	-358.80	98.44	
-327.52	-358.80	98.44	
-327.52	-358.80	98.44	
-327.52	-358.80	98.44	
-327.52	-358.80	98.44	
-336.72	-292.56	125.12	
-340.40	-293.48	128.80	
-338.56	-285.20	134.32	
-342.24	-286.12	131.56	
-342.24	-286.12	131.56	
-342.24	-286.12	131.56	
-342.24	-286.12	131.56	
-342.24	-286.12	131.56	
-342.24	-286.12	131.56	
-342.24	-286.12	131.56	
-342.24	-270.48	138.00	
-341.32	-264.04	136.16	
-341.32	-262.20	138.92	
-344.08	-259.44	139.84	
-343.16	-254.84	138.92	
-343.16	-254.84	138.92	
-343.16	-254.84	138.92	
-343.16	-254.84	138.92	
-343.16	-254.84	138.92	
-343.16	-254.84	138.92	
-336.72	-253.92	148.12	
-333.04	-255.76	150.88	
-333.04	-254.84	150.88	
-331.20	-253.00	160.08	
-332.12	-254.84	159.16	
-332.12	-254.84	159.16	
-332.12	-254.84	159.16	
-332.12	-254.84	159.16	
-332.12	-254.84	159.16	
-332.12	-254.84	159.16	
-332.12	-254.84	159.16	
-316.48	-243.80	182.16	
-317.40	-240.12	178.48	
-318.32	-237.36	181.24	
-315.56	-233.68	183.08	
-315.56	-233.68	183.08	
-315.56	-233.68	183.08	
-315.56	-233.68	183.08	
-315.56	-233.68	183.08	
-315.56	-233.68	183.08	
-314.64	-214.36	188.60	
-315.56	-216.20	189.52	
-313.72	-214.36	187.68	
-312.80	-216.20	187.68	
-311.88	-218.04	186.76	
-311.88	-218.04	186.76	
-311.88	-218.04	186.76	
-311.88	-218.04	186.76	
-311.88	-218.04	186.76	
-311.88	-218.04	186.76	
-311.88	-218.04	186.76	
-315.56	-227.24	187.68	
-314.64	-227.24	188.60	
-310.96	-227.24	188.60	
-316.48	-229.08	186.76	
-313.72	-224.48	185.84	
-313.72	-224.48	185.84	
-313.72	-224.48	185.84	
-313.72	-224.48	185.84	
-313.72	-224.48	185.84	
-313.72	-224.48	185.84	
-321.08	-225.40	181.24	
-320.16	-231.84	174.80	
-328.44	-236.44	169.28	
-331.20	-240.12	161.92	
-332.12	-253.00	149.04	
-332.12	-253.00	149.04	
-332.12	-253.00	149.04	
-332.12	-253.00	149.04	
-332.12	-253.00	149.04	
-332.12	-253.00	149.04	
-332.12	-253.00	149.04	
-334.88	-299.00	126.96	
-337.64	-297.16	126.96	
-335.80	-301.76	130.64	
-337.64	-298.08	126.04	
-337.64	-298.08	126.04	
-337.64	-298.08	126.04	
-337.64	-298.08	126.04	
-337.64	-298.08	126.04	
-337.64	-298.08	126.04	
-337.64	-298.08	126.04	
-339.48	-317.40	115.00	
-338.56	-317.40	113.16	
-340.40	-320.16	109.48	
-341.32	-321.08	107.64	
-342.24	-323.84	102.12	
-342.24	-323.84	102.12	
-342.24	-323.84	102.12	
-342.24	-323.84	102.12	
-342.24	-323.84	102.12	
-342.24	-323.84	102.12	
-350.52	-359.72	45.08	
-347.76	-364.32	29.44	
-347.76	-368.92	19.32	
-347.76	-377.20	11.04	
-349.60	-375.36	2.76	
-349.60	-375.36	2.76	
-349.60	-375.36	2.76	
-349.60	-375.36	2.76	
-349.60	-375.36	2.76	
-349.60	-375.36	2.76	
-355.12	-372.60	-48.76	
-351.44	-375.36	-54.28	
-350.52	-375.36	-71.76	
-341.32	-375.36	-100.28	
-339.48	-375.36	-118.68	
-339.48	-375.36	-118.68	
-339.48	-375.36	-118.68	
-339.48	-375.36	-118.68	
-339.48	-375.36	-118.68	
-339.48	-375.36	-118.68	
-339.48	-375.36	-118.68	
-296.24	-310.04	-248.40	
-291.64	-309.12	-256.68	
-280.60	-291.64	-276.00	
-266.80	-255.76	-298.08	
-266.80	-255.76	-298.08	
-266.80	-255.76	-298.08	
-266.80	-255.76	-298.08	
-266.80	-255.76	-298.08	
-266.80	-255.76	-298.08	
-266.80	-255.76	-298.08	
-164.68	-142.60	-374.44	
-150.88	-126.96	-383.64	
-143.52	-115.92	-386.40	
-127.88	-103.96	-393.76	
-122.36	-96.60	-391.92	
-122.36	-96.60	-391.92	
-122.36	-96.60	-391.92	
-122.36	-96.60	-391.92	
-122.36	-96.60	-391.92	
-122.36	-96.60	-391.92	
-122.36	-96.60	-391.92	
-48.76	-15.64	-403.88	
-39.56	-4.60	-402.96	
-36.80	1.84	-400.20	
-32.20	13.80	-402.04	
-32.20	13.80	-402.04	
-32.20	13.80	-402.04	
-32.20	13.80	-402.04	
-32.20	13.80	-402.04	
-32.20	13.80	-402.04	
-32.20	13.80	-402.04	
21.16	101.20	-379.96	
31.28	111.32	-373.52	
34.96	119.60	-368.00	
46.00	125.12	-367.08	
51.52	126.96	-368.00	
51.52	126.96	-368.00	
51.52	126.96	-368.00	
51.52	126.96	-368.00	
51.52	126.96	-368.00	
51.52	126.96	-368.00	
111.32	212.52	-303.60	
128.80	222.64	-291.64	
141.68	236.44	-282.44	
150.88	241.96	-267.72	
156.40	246.56	-268.64	
156.40	246.56	-268.64	
156.40	246.56	-268.64	
156.40	246.56	-268.64	
156.40	246.56	-268.64	
156.40	246.56	-268.64	
234.60	275.08	-191.36	
235.52	275.08	-189.52	
241.96	276.92	-181.24	
245.64	278.76	-175.72	
245.64	276.92	-174.80	
245.64	276.92	-174.80	
245.64	276.92	-174.80	
245.64	276.92	-174.80	
245.64	276.92	-174.80	
245.64	276.92	-174.80	
245.64	276.92	-174.80	
246.56	288.88	-137.08	
251.16	287.96	-138.92	
259.44	288.88	-126.96	
262.20	292.56	-113.16	
262.20	292.56	-113.16	
262.20	292.56	-113.16	
262.20	292.56	-113.16	
262.20	292.56	-113.16	
262.20	292.56	-113.16	
262.20	292.56	-113.16	
321.08	263.12	-5.52	
343.16	241.04	10.12	
353.28	233.68	12.88	
377.20	219.88	29.44	
371.68	217.12	35.88	
371.68	217.12	35.88	
371.68	217.12	35.88	
371.68	217.12	35.88	
371.68	217.12	35.88	
371.68	217.12	35.88	
373.52	130.64	152.72	
368.92	115.00	176.64	
358.80	92.00	203.32	
351.44	83.72	208.84	
341.32	69.00	222.64	
341.32	69.00	222.64	
341.32	69.00	222.64	
341.32	69.00	222.64	
341.32	69.00	222.64	
341.32	69.00	222.64	
204.24	-6.44	308.20	
169.28	-30.36	319.24	
143.52	-39.56	327.52	
121.44	-46.00	329.36	
121.44	-46.00	329.36	
121.44	-46.00	329.36	
121.44	-46.00	329.36	
121.44	-46.00	329.36	
121.44	-46.00	329.36	
121.44	-46.00	329.36	
-33.12	-62.56	325.68	
-46.92	-68.08	326.60	
-66.24	-72.68	321.08	
-84.64	-75.44	314.64	
-91.08	-79.12	312.80	
-91.08	-79.12	312.80	
-91.08	-79.12	312.80	
-91.08	-79.12	312.80	
-91.08	-79.12	312.80	
-91.08	-79.12	312.80	
-189.52	-151.80	276.92	
-200.56	-156.40	270.48	
-208.84	-157.32	267.72	
-218.96	-162.84	259.44	
-230.00	-171.12	244.72	
-230.00	-171.12	244.72	
-230.00	-171.12	244.72	
-230.00	-171.12	244.72	
-230.00	-171.12	244.72	
-230.00	-171.12	244.72	
-230.00	-171.12	244.72	
-272.32	-189.52	208.84	
-287.04	-185.84	199.64	
-291.64	-183.08	190.44	
-303.60	-181.24	178.48	
-306.36	-177.56	173.88	
-306.36	-177.56	173.88	
-306.36	-177.56	173.88	
-306.36	-177.56	173.88	
-306.36	-177.56	173.88	
-306.36	-177.56	173.88	
-326.60	-171.12	160.08	
-327.52	-152.72	155.48	
-332.12	-132.48	149.04	
-331.20	-130.64	149.96	
-333.04	-127.88	145.36	
-333.04	-127.88	145.36	
-333.04	-127.88	145.36	
-333.04	-127.88	145.36	
-333.04	-127.88	145.36	
-333.04	-127.88	145.36	
-333.04	-127.88	145.36	
-327.52	-175.72	153.64	
-328.44	-171.12	151.80	
-327.52	-172.96	152.72	
-330.28	-170.20	148.12	
-330.28	-170.20	148.12	
-330.28	-170.20	148.12	
-330.28	-170.20	148.12	
-330.28	-170.20	148.12	
-330.28	-170.20	148.12	
-312.80	-189.52	173.88	
-308.20	-185.84	178.48	
-296.24	-188.60	188.60	
-287.04	-192.28	200.56	
-278.76	-190.44	211.60	
-278.76	-190.44	211.60	
-278.76	-190.44	211.60	
-278.76	-190.44	211.60	
-278.76	-190.44	211.60	
-278.76	-190.44	211.60	
-278.76	-190.44	211.60	
-152.72	-197.80	291.64	
-146.28	-204.24	295.32	
-133.40	-199.64	301.76	
-135.24	-187.68	302.68	
-135.24	-187.68	302.68	
-135.24	-187.68	302.68	
-135.24	-187.68	302.68	
-135.24	-187.68	302.68	
-135.24	-187.68	302.68	
-135.24	-187.68	302.68	
-31.28	-154.56	333.04	
0.92	-147.20	334.88	
11.04	-141.68	336.72	
27.60	-136.16	338.56	
24.84	-129.72	338.56	
24.84	-129.72	338.56	
24.84	-129.72	338.56	
24.84	-129.72	338.56	
24.84	-129.72	338.56	
24.84	-129.72	338.56	
85.56	-80.04	341.32	
113.16	-62.56	338.56	
127.88	-46.92	331.20	
136.16	-39.56	331.20	
159.16	-27.60	321.08	
159.16	-27.60	321.08	
159.16	-27.60	321.08	
159.16	-27.60	321.08	
159.16	-27.60	321.08	
159.16	-27.60	321.08	
159.16	-27.60	321.08	
279.68	91.08	245.64	
300.84	123.28	213.44	
312.80	130.64	202.40	
319.24	136.16	195.04	
331.20	138.92	184.00	
331.20	138.92	184.00	
331.20	138.92	184.00	
331.20	138.92	184.00	
331.20	138.92	184.00	
331.20	138.92	184.00	
406.64	169.28	54.28	
418.60	177.56	17.48	
416.76	182.16	1.84	
414.00	188.60	-11.96	
414.00	188.60	-11.96	
414.00	188.60	-11.96	
414.00	188.60	-11.96	
414.00	188.60	-11.96	
414.00	188.60	-11.96	
414.00	188.60	-11.96	
390.08	208.84	-105.80	
377.20	208.84	-123.28	
360.64	212.52	-160.08	
348.68	211.60	-174.80	
345.00	208.84	-182.16	
345.00	208.84	-182.16	
345.00	208.84	-182.16	
345.00	208.84	-182.16	
345.00	208.84	-182.16	
345.00	208.84	-182.16	
279.68	178.48	-272.32	
264.04	175.72	-287.04	
258.52	175.72	-290.72	
242.88	175.72	-295.32	
230.92	173.88	-298.08	
230.92	173.88	-298.08	
230.92	173.88	-298.08	
230.92	173.88	-298.08	
230.92	173.88	-298.08	
230.92	173.88	-298.08	
230.92	173.88	-298.08	
167.44	152.72	-328.44	
152.72	153.64	-335.80	
148.12	149.04	-342.24	
137.08	144.44	-346.84	
137.08	144.44	-346.84	
137.08	144.44	-346.84	
137.08	144.44	-346.84	
137.08	144.44	-346.84	
137.08	144.44	-346.84	
137.08	144.44	-346.84	
134.32	153.64	-344.08	
130.64	149.96	-344.08	
126.04	144.44	-348.68	
122.36	141.68	-353.28	
117.76	136.16	-352.36	
117.76	136.16	-352.36	
117.76	136.16	-352.36	
117.76	136.16	-352.36	
117.76	136.16	-352.36	
117.76	136.16	-352.36	
-12.88	23.92	-392.84	
-40.48	5.52	-389.16	
-58.88	-7.36	-392.84	
-80.04	-27.60	-387.32	
-89.24	-29.44	-385.48	
-89.24	-29.44	-385.48	
-89.24	-29.44	-385.48	
-89.24	-29.44	-385.48	
-89.24	-29.44	-385.48	
-89.24	-29.44	-385.48	
-161.00	-87.40	-366.16	
-172.04	-95.68	-365.24	
-189.52	-105.80	-355.12	
-204.24	-121.44	-347.76	
-209.76	-128.80	-345.92	
-209.76	-128.80	-345.92	
-209.76	-128.80	-345.92	
-209.76	-128.80	-345.92	
-209.76	-128.80	-345.92	
-209.76	-128.80	-345.92	
-209.76	-128.80	-345.92	
-265.88	-225.40	-292.56	
-273.24	-229.08	-288.88	
-279.68	-240.12	-276.92	
-286.12	-252.08	-266.80	
-286.12	-252.08	-266.80	
-286.12	-252.08	-266.80	
-286.12	-252.08	-266.80	
-286.12	-252.08	-266.80	
-286.12	-252.08	-266.80	
-286.12	-252.08	-266.80	
-331.20	-296.24	-197.80	
-335.80	-299.92	-185.84	
-339.48	-299.92	-183.08	
-345.92	-305.44	-171.12	
-345.00	-307.28	-165.60	
-345.00	-307.28	-165.60	
-345.00	-307.28	-165.60	
-345.00	-307.28	-165.60	
-345.00	-307.28	-165.60	
-345.00	-307.28	-165.60	
-356.96	-343.16	-95.68	
-354.20	-354.20	-81.88	
-350.52	-363.40	-68.08	
-350.52	-369.84	-60.72	
-348.68	-370.76	-52.44	
-348.68	-370.76	-52.44	
-348.68	-370.76	-52.44	
-348.68	-370.76	-52.44	
-348.68	-370.76	-52.44	
-348.68	-370.76	-52.44	
-348.68	-370.76	-52.44	
-310.96	-425.96	35.88	
-303.60	-434.24	48.76	
-288.88	-440.68	68.08	
-285.20	-443.44	78.20	
-285.20	-443.44	78.20	
-285.20	-443.44	78.20	
-285.20	-443.44	78.20	
-285.20	-443.44	78.20	
-285.20	-443.44	78.20	
-285.20	-443.44	78.20	
-223.56	-443.44	170.20	
-209.76	-447.12	178.48	
-199.64	-450.80	185.84	
-188.60	-458.16	185.84	
-188.60	-458.16	185.84	
-188.60	-458.16	185.84	
-188.60	-458.16	185.84	
-188.60	-458.16	185.84	
-188.60	-458.16	185.84	
-188.60	-458.16	185.84	
-162.84	-425.96	226.32	
-164.68	-423.20	227.24	
-172.04	-406.64	233.68	
-180.32	-394.68	238.28	
-184.00	-382.72	236.44	
-184.00	-382.72	236.44	
-184.00	-382.72	236.44	
-184.00	-382.72	236.44	
-184.00	-382.72	236.44	
-184.00	-382.72	236.44	
-164.68	-307.28	286.12	
-155.48	-283.36	296.24	
-154.56	-280.60	292.56	
-166.52	-268.64	290.72	
-177.56	-260.36	284.28	
-177.56	-260.36	284.28	
-177.56	-260.36	284.28	
-177.56	-260.36	284.28	
-177.56	-260.36	284.28	
-177.56	-260.36	284.28	
-177.56	-260.36	284.28	
-218.96	-218.04	270.48	
-228.16	-217.12	264.96	
-231.84	-213.44	263.12	
-239.20	-207.92	256.68	
-241.04	-204.24	255.76	
-241.04	-204.24	255.76	
-241.04	-204.24	255.76	
-241.04	-204.24	255.76	
-241.04	-204.24	255.76	
-241.04	-204.24	255.76	
-307.28	-187.68	195.96	
-319.24	-180.32	190.44	
-329.36	-173.88	179.40	
-331.20	-170.20	175.72	
-334.88	-165.60	168.36	
-334.88	-165.60	168.36	
-334.88	-165.60	168.36	
-334.88	-165.60	168.36	
-334.88	-165.60	168.36	
-334.88	-165.60	168.36	
-334.88	-165.60	168.36	
-401.12	-132.48	27.60	
-402.96	-117.76	3.68	
-404.80	-102.12	-14.72	
-403.88	-96.60	-24.84	
-403.88	-96.60	-24.84	
-403.88	-96.60	-24.84	
-403.88	-96.60	-24.84	
-403.88	-96.60	-24.84	
-403.88	-96.60	-24.84	
-403.88	-96.60	-24.84	
-360.64	-50.60	-182.16	
-350.52	-48.76	-207.92	
-339.48	-47.84	-225.40	
-323.84	-48.76	-241.04	
-323.84	-48.76	-241.04	
-323.84	-48.76	-241.04	
-323.84	-48.76	-241.04	
-323.84	-48.76	-241.04	
-323.84	-48.76	-241.04	
-323.84	-48.76	-241.04	
-237.36	-111.32	-328.44	
-236.44	-118.68	-327.52	
-219.88	-125.12	-341.32	
-200.56	-136.16	-355.12	
-186.76	-140.76	-359.72	
-186.76	-140.76	-359.72	
-186.76	-140.76	-359.72	
-186.76	-140.76	-359.72	
-186.76	-140.76	-359.72	
-186.76	-140.76	-359.72	
-88.32	-211.60	-390.08	
-69.92	-220.80	-397.44	
-65.32	-225.40	-397.44	
-48.76	-238.28	-401.12	
-32.20	-250.24	-405.72	
-32.20	-250.24	-405.72	
-32.20	-250.24	-405.72	
-32.20	-250.24	-405.72	
-32.20	-250.24	-405.72	
-32.20	-250.24	-405.72	
-32.20	-250.24	-405.72	
48.76	-317.40	-392.84	
56.12	-332.12	-391.92	
59.80	-335.80	-392.84	
70.84	-342.24	-389.16	
70.84	-345.00	-385.48	
70.84	-345.00	-385.48	
70.84	-345.00	-385.48	
70.84	-345.00	-385.48	
70.84	-345.00	-385.48	
70.84	-345.00	-385.48	
114.08	-390.08	-364.32	
119.60	-397.44	-363.40	
122.36	-396.52	-361.56	
124.20	-394.68	-365.24	
126.04	-394.68	-365.24	
126.04	-394.68	-365.24	
126.04	-394.68	-365.24	
126.04	-394.68	-365.24	
126.04	-394.68	-365.24	
126.04	-394.68	-365.24	
126.04	-394.68	-365.24	
169.28	-437.92	-337.64	
170.20	-442.52	-332.12	
177.56	-444.36	-328.44	
183.08	-444.36	-327.52	
183.08	-444.36	-327.52	
183.08	-444.36	-327.52	
183.08	-444.36	-327.52	
183.08	-444.36	-327.52	
183.08	-444.36	-327.52	
208.84	-455.40	-314.64	
211.60	-454.48	-314.64	
213.44	-459.08	-308.20	
227.24	-455.40	-301.76	
234.60	-452.64	-305.44	
234.60	-452.64	-305.44	
234.60	-452.64	-305.44	
234.60	-452.64	-305.44	
234.60	-452.64	-305.44	
234.60	-452.64	-305.44	
234.60	-452.64	-305.44	
285.20	-433.32	-296.24	
292.56	-435.16	-290.72	
298.08	-437.00	-288.88	
311.88	-438.84	-278.76	
311.88	-438.84	-278.76	
311.88	-438.84	-278.76	
311.88	-438.84	-278.76	
311.88	-438.84	-278.76	
311.88	-438.84	-278.76	
311.88	-438.84	-278.76	
410.32	-473.80	-137.08	
405.72	-485.76	-111.32	
404.80	-489.44	-103.04	
398.36	-496.80	-89.24	
398.36	-496.80	-89.24	
398.36	-496.80	-89.24	
398.36	-496.80	-89.24	
398.36	-496.80	-89.24	
398.36	-496.80	-89.24	
398.36	-496.80	-89.24	
323.84	-563.04	-23.00	
315.56	-567.64	-8.28	
300.84	-572.24	8.28	
291.64	-576.84	15.64	
285.20	-580.52	24.84	
285.20	-580.52	24.84	
285.20	-580.52	24.84	
285.20	-580.52	24.84	
285.20	-580.52	24.84	
285.20	-580.52	24.84	
227.24	-577.76	95.68	
222.64	-574.08	110.40	
210.68	-568.56	118.68	
202.40	-571.32	128.80	
202.40	-565.80	133.40	
202.40	-565.80	133.40	
202.40	-565.80	133.40	
202.40	-565.80	133.40	
202.40	-565.80	133.40	
202.40	-565.80	133.40	
163.76	-553.84	170.20	
159.16	-552.92	171.12	
148.12	-547.40	176.64	
141.68	-545.56	178.48	
140.76	-545.56	184.00	
140.76	-545.56	184.00	
140.76	-545.56	184.00	
140.76	-545.56	184.00	
140.76	-545.56	184.00	
140.76	-545.56	184.00	
104.88	-514.28	229.08	
106.72	-505.08	230.92	
100.28	-504.16	233.68	
100.28	-498.64	237.36	
99.36	-491.28	241.96	
99.36	-491.28	241.96	
99.36	-491.28	241.96	
99.36	-491.28	241.96	
99.36	-491.28	241.96	
99.36	-491.28	241.96	
99.36	-491.28	241.96	
23.92	-422.28	288.88	
4.60	-414.00	286.12	
-5.52	-407.56	293.48	
-23.92	-395.60	295.32	
-23.92	-395.60	295.32	
-23.92	-395.60	295.32	
-23.92	-395.60	295.32	
-23.92	-395.60	295.32	
-23.92	-395.60	295.32	
-23.92	-395.60	295.32	
-132.48	-291.64	299.92	
-140.76	-275.08	300.84	
-159.16	-259.44	293.48	
-164.68	-248.40	296.24	
-165.60	-238.28	299.00	
-165.60	-238.28	299.00	
-165.60	-238.28	299.00	
-165.60	-238.28	299.00	
-165.60	-238.28	299.00	
-165.60	-238.28	299.00	
-165.60	-238.28	299.00	
-226.32	-132.48	263.12	
-237.36	-117.76	261.28	
-242.88	-103.96	253.92	
-248.40	-99.36	247.48	
-248.40	-99.36	247.48	
-248.40	-99.36	247.48	
-248.40	-99.36	247.48	
-248.40	-99.36	247.48	
-248.40	-99.36	247.48	
-287.96	-30.36	200.56	
-291.64	-28.52	197.80	
-297.16	-17.48	185.84	
-300.84	-11.04	173.88	
-304.52	-0.92	166.52	
-304.52	-0.92	166.52	
-304.52	-0.92	166.52	
-304.52	-0.92	166.52	
-304.52	-0.92	166.52	
-304.52	-0.92	166.52	
-304.52	-0.92	166.52	
-319.24	29.44	137.08	
-321.08	31.28	135.24	
-320.16	31.28	127.88	
-321.08	33.12	126.04	
-321.08	33.12	126.04	
-321.08	33.12	126.04	
-321.08	33.12	126.04	
-321.08	33.12	126.04	
-321.08	33.12	126.04	
-321.08	33.12	126.04	
-327.52	39.56	115.00	
-325.68	47.84	112.24	
-329.36	49.68	111.32	
-326.60	48.76	107.64	
-328.44	44.16	111.32	
-328.44	44.16	111.32	
-328.44	44.16	111.32	
-328.44	44.16	111.32	
-328.44	44.16	111.32	
-328.44	44.16	111.32	
-328.44	44.16	111.32	
-333.04	67.16	81.88	
-335.80	65.32	75.44	
-338.56	68.08	80.04	
-340.40	68.08	68.08	
-340.40	68.08	68.08	
-340.40	68.08	68.08	
-340.40	68.08	68.08	
-340.40	68.08	68.08	
-340.40	68.08	68.08	
-340.40	68.08	68.08	
-349.60	83.72	-8.28	
-352.36	85.56	-24.84	
-353.28	82.80	-35.88	
-353.28	81.88	-45.08	
-353.28	81.88	-45.08	
-353.28	81.88	-45.08	
-353.28	81.88	-45.08	
-353.28	81.88	-45.08	
-353.28	81.88	-45.08	
-350.52	83.72	-64.40	
-350.52	82.80	-68.08	
-351.44	82.80	-69.00	
-349.60	83.72	-75.44	
-346.84	83.72	-80.04	
-346.84	83.72	-80.04	
-346.84	83.72	-80.04	
-346.84	83.72	-80.04	
-346.84	83.72	-80.04	
-346.84	83.72	-80.04	
-346.84	83.72	-80.04	
-348.68	83.72	-56.12	
-350.52	84.64	-57.96	
-347.76	90.16	-37.72	
-345.00	93.84	-15.64	
-345.00	93.84	-15.64	
-345.00	93.84	-15.64	
-345.00	93.84	-15.64	
-345.00	93.84	-15.64	
-345.00	93.84	-15.64	
-345.00	93.84	-15.64	
-318.32	20.24	142.60	
-318.32	0.92	154.56	
-315.56	-7.36	162.84	
-303.60	-24.84	184.00	
-301.76	-31.28	189.52	
-301.76	-31.28	189.52	
-301.76	-31.28	189.52	
-301.76	-31.28	189.52	
-301.76	-31.28	189.52	
-301.76	-31.28	189.52	
-252.08	-110.40	246.56	
-241.96	-126.96	256.68	
-219.88	-151.80	273.24	
-210.68	-167.44	278.76	
-200.56	-184.00	284.28	
-200.56	-184.00	284.28	
-200.56	-184.00	284.28	
-200.56	-184.00	284.28	
-200.56	-184.00	284.28	
-200.56	-184.00	284.28	
-111.32	-287.96	313.72	
-90.16	-304.52	304.52	
-57.96	-314.64	309.12	
-15.64	-312.80	326.60	
1.84	-312.80	327.52	
1.84	-312.80	327.52	
1.84	-312.80	327.52	
1.84	-312.80	327.52	
1.84	-312.80	327.52	
1.84	-312.80	327.52	
199.64	-304.52	317.40	
218.04	-307.28	312.80	
262.20	-305.44	301.76	
308.20	-304.52	286.12	
335.80	-304.52	270.48	
335.80	-304.52	270.48	
335.80	-304.52	270.48	
335.80	-304.52	270.48	
335.80	-304.52	270.48	
335.80	-304.52	270.48	
335.80	-304.52	270.48	
539.12	-235.52	60.72	
542.80	-228.16	46.92	
552.00	-218.96	15.64	
556.60	-213.44	-5.52	
556.60	-213.44	-5.52	
556.60	-213.44	-5.52	
556.60	-213.44	-5.52	
556.60	-213.44	-5.52	
556.60	-213.44	-5.52	
556.60	-213.44	-5.52	
557.52	-195.96	-82.80	
558.44	-184.92	-91.08	
558.44	-184.92	-92.92	
554.76	-177.56	-97.52	
554.76	-172.96	-103.04	
554.76	-172.96	-103.04	
554.76	-172.96	-103.04	
554.76	-172.96	-103.04	
554.76	-172.96	-103.04	
554.76	-172.96	-103.04	
554.76	-172.96	-103.04	
558.44	-206.08	-29.44	
555.68	-218.96	1.84	
550.16	-221.72	29.44	
540.96	-227.24	64.40	
540.96	-227.24	64.40	
540.96	-227.24	64.40	
540.96	-227.24	64.40	
540.96	-227.24	64.40	
540.96	-227.24	64.40	
540.96	-227.24	64.40	
365.24	-229.08	274.16	
322.00	-234.60	298.08	
271.40	-242.88	313.72	
243.80	-247.48	321.08	
210.68	-253.00	328.44	
210.68	-253.00	328.44	
210.68	-253.00	328.44	
210.68	-253.00	328.44	
210.68	-253.00	328.44	
210.68	-253.00	328.44	
-28.52	-226.32	336.72	
-64.40	-212.52	333.04	
-85.56	-202.40	327.52	
-105.80	-186.76	322.00	
-114.08	-179.40	322.00	
-114.08	-179.40	322.00	
-114.08	-179.40	322.00	
-114.08	-179.40	322.00	
-114.08	-179.40	322.00	
-114.08	-179.40	322.00	
-228.16	-161.92	269.56	
-236.44	-164.68	260.36	
-249.32	-167.44	252.08	
-256.68	-169.28	245.64	
-258.52	-170.20	240.12	
-258.52	-170.20	240.12	
-258.52	-170.20	240.12	
-258.52	-170.20	240.12	
-258.52	-170.20	240.12	
-258.52	-170.20	240.12	
-258.52	-170.20	240.12	
-284.28	-182.16	220.80	
-286.12	-185.84	224.48	
-286.12	-184.92	225.40	
-285.20	-184.92	219.88	
-285.20	-184.92	219.88	
-285.20	-184.92	219.88	
-285.20	-184.92	219.88	
-285.20	-184.92	219.88	
-285.20	-184.92	219.88	
-285.20	-184.92	219.88	
-285.20	-188.60	219.88	
-287.96	-184.92	216.20	
-287.04	-185.84	216.20	
-286.12	-188.60	218.96	
-286.12	-184.92	218.04	
-286.12	-184.92	218.04	
-286.12	-184.92	218.04	
-286.12	-184.92	218.04	
-286.12	-184.92	218.04	
-286.12	-184.92	218.04	
-283.36	-181.24	224.48	
-286.12	-178.48	220.80	
-287.96	-182.16	218.96	
-290.72	-184.00	221.72	
-291.64	-186.76	210.68	
-291.64	-186.76	210.68	
-291.64	-186.76	210.68	
-291.64	-186.76	210.68	
-291.64	-186.76	210.68	
-291.64	-186.76	210.68	
-291.64	-186.76	210.68	
-287.96	-182.16	222.64	
-278.76	-179.40	225.40	
-274.16	-180.32	228.16	
-275.08	-177.56	230.92	
-275.08	-177.56	230.92	
-275.08	-177.56	230.92	
-275.08	-177.56	230.92	
-275.08	-177.56	230.92	
-275.08	-177.56	230.92	
-275.08	-177.56	230.92	
-211.60	-183.08	281.52	
-209.76	-182.16	277.84	
-207.00	-181.24	286.12	
-203.32	-184.00	280.60	
-203.32	-184.00	280.60	
-203.32	-184.00	280.60	
-203.32	-184.00	280.60	
-203.32	-184.00	280.60	
-203.32	-184.00	280.60	
-203.32	-184.00	280.60	
-152.72	-194.12	308.20	
-149.04	-192.28	311.88	
-140.76	-191.36	310.96	
-128.80	-192.28	314.64	
-123.28	-192.28	319.24	
-123.28	-192.28	319.24	
-123.28	-192.28	319.24	
-123.28	-192.28	319.24	
-123.28	-192.28	319.24	
-123.28	-192.28	319.24	
-88.32	-194.12	330.28	
-83.72	-195.04	330.28	
-80.04	-195.04	333.96	
-75.44	-194.12	332.12	
-71.76	-197.80	333.96	
-71.76	-197.80	333.96	
-71.76	-197.80	333.96	
-71.76	-197.80	333.96	
-71.76	-197.80	333.96	
-71.76	-197.80	333.96	
-47.84	-200.56	341.32	
-49.68	-196.88	344.08	
-50.60	-193.20	335.80	
-51.52	-188.60	343.16	
-55.20	-184.92	336.72	
-55.20	-184.92	336.72	
-55.20	-184.92	336.72	
-55.20	-184.92	336.72	
-55.20	-184.92	336.72	
-55.20	-184.92	336.72	
-55.20	-184.92	336.72	
-121.44	-122.36	316.48	
-133.40	-95.68	309.12	
-145.36	-66.24	304.52	
-147.20	-53.36	296.24	
-150.88	-37.72	291.64	
-150.88	-37.72	291.64	
-150.88	-37.72	291.64	
-150.88	-37.72	291.64	
-150.88	-37.72	291.64	
-150.88	-37.72	291.64	
-138.00	42.32	269.56	
-132.48	60.72	265.88	
-125.12	77.28	264.96	
-111.32	97.52	257.60	
-111.32	97.52	257.60	
-111.32	97.52	257.60	
-111.32	97.52	257.60	
-111.32	97.52	257.60	
-111.32	97.52	257.60	
-111.32	97.52	257.60	
-39.56	188.60	219.88	
-33.12	195.04	222.64	
-14.72	207.00	208.84	
0.92	214.36	207.00	
6.44	218.04	202.40	
6.44	218.04	202.40	
6.44	218.04	202.40	
6.44	218.04	202.40	
6.44	218.04	202.40	
6.44	218.04	202.40	
81.88	252.08	176.64	
91.08	256.68	172.04	
98.44	255.76	176.64	
106.72	251.16	180.32	
111.32	247.48	182.16	
111.32	247.48	182.16	
111.32	247.48	182.16	
111.32	247.48	182.16	
111.32	247.48	182.16	
111.32	247.48	182.16	
111.32	247.48	182.16	
149.96	233.68	194.12	
143.52	237.36	198.72	
140.76	235.52	192.28	
132.48	239.20	188.60	
132.48	239.20	188.60	
132.48	239.20	188.60	
132.48	239.20	188.60	
132.48	239.20	188.60	
132.48	239.20	188.60	
132.48	239.20	188.60	
114.08	257.60	173.88	
109.48	255.76	175.72	
113.16	256.68	172.96	
112.24	255.76	173.88	
112.24	255.76	173.88	
112.24	255.76	173.88	
112.24	255.76	173.88	
112.24	255.76	173.88	
112.24	255.76	173.88	
108.56	251.16	179.40	
108.56	248.40	181.24	
106.72	246.56	184.92	
102.12	244.72	191.36	
105.80	244.72	191.36	
105.80	244.72	191.36	
105.80	244.72	191.36	
105.80	244.72	191.36	
105.80	244.72	191.36	
105.80	244.72	191.36	
105.80	244.72	191.36	
93.84	233.68	207.92	
93.84	231.84	203.32	
91.08	229.08	211.60	
95.68	230.92	212.52	
95.68	230.92	212.52	
95.68	230.92	212.52	
95.68	230.92	212.52	
95.68	230.92	212.52	
95.68	230.92	212.52	
95.68	230.92	212.52	
97.52	212.52	221.72	
98.44	212.52	221.72	
102.12	214.36	222.64	
99.36	214.36	218.04	
98.44	213.44	220.80	
98.44	213.44	220.80	
98.44	213.44	220.80	
98.44	213.44	220.80	
98.44	213.44	220.80	
98.44	213.44	220.80	
98.44	222.64	217.12	
100.28	222.64	219.88	
98.44	219.88	219.88	
98.44	223.56	218.04	
94.76	220.80	216.20	
94.76	220.80	216.20	
94.76	220.80	216.20	
94.76	220.80	216.20	
94.76	220.80	216.20	
94.76	220.80	216.20	
94.76	220.80	216.20	
96.60	220.80	221.72	
91.08	220.80	218.04	
88.32	221.72	217.12	
86.48	224.48	215.28	
86.48	224.48	215.28	
86.48	224.48	215.28	
86.48	224.48	215.28	
86.48	224.48	215.28	
86.48	224.48	215.28	
66.24	224.48	211.60	
67.16	228.16	218.04	
59.80	227.24	214.36	
52.44	226.32	211.60	
55.20	225.40	211.60	
55.20	225.40	211.60	
55.20	225.40	211.60	
55.20	225.40	211.60	
55.20	225.40	211.60	
55.20	225.40	211.60	
70.84	225.40	213.44	
73.60	224.48	217.12	
74.52	220.80	218.04	
80.04	223.56	216.20	
86.48	222.64	213.44	
86.48	222.64	213.44	
86.48	222.64	213.44	
86.48	222.64	213.44	
86.48	222.64	213.44	
86.48	222.64	213.44	
86.48	222.64	213.44	
104.88	218.04	221.72	
107.64	218.04	224.48	
108.56	217.12	219.88	
112.24	218.04	219.88	
112.24	218.04	219.88	
112.24	218.04	219.88	
112.24	218.04	219.88	
112.24	218.04	219.88	
112.24	218.04	219.88	
112.24	218.04	219.88	
114.08	223.56	217.12	
119.60	226.32	209.76	
121.44	226.32	214.36	
125.12	224.48	212.52	
124.20	228.16	208.84	
124.20	228.16	208.84	
124.20	228.16	208.84	
124.20	228.16	208.84	
124.20	228.16	208.84	
124.20	228.16	208.84	
152.72	226.32	207.00	
157.32	226.32	208.84	
164.68	224.48	203.32	
168.36	222.64	202.40	
169.28	228.16	198.72	
169.28	228.16	198.72	
169.28	228.16	198.72	
169.28	228.16	198.72	
169.28	228.16	198.72	
169.28	228.16	198.72	
182.16	217.12	206.08	
181.24	217.12	208.84	
181.24	218.96	201.48	
175.72	222.64	202.40	
175.72	228.16	199.64	
175.72	228.16	199.64	
175.72	228.16	199.64	
175.72	228.16	199.64	
175.72	228.16	199.64	
175.72	228.16	199.64	
159.16	236.44	194.12	
155.48	239.20	195.96	
151.80	240.12	192.28	
148.12	242.88	186.76	
139.84	247.48	184.00	
139.84	247.48	184.00	
139.84	247.48	184.00	
139.84	247.48	184.00	
139.84	247.48	184.00	
139.84	247.48	184.00	
139.84	247.48	184.00	
6.44	239.20	193.20	
-26.68	229.08	189.52	
-42.32	224.48	196.88	
-66.24	214.36	193.20	
-66.24	214.36	193.20	
-66.24	214.36	193.20	
-66.24	214.36	193.20	
-66.24	214.36	193.20	
-66.24	214.36	193.20	
-66.24	214.36	193.20	
-178.48	109.48	220.80	
-195.04	78.20	227.24	
-216.20	44.16	231.84	
-225.40	24.84	234.60	
-225.40	24.84	234.60	
-225.40	24.84	234.60	
-225.40	24.84	234.60	
-225.40	24.84	234.60	
-225.40	24.84	234.60	
-225.40	24.84	234.60	
-261.28	-251.16	233.68	
-247.48	-297.16	230.92	
-228.16	-327.52	237.36	
-207.92	-355.12	232.76	
-207.92	-355.12	232.76	
-207.92	-355.12	232.76	
-207.92	-355.12	232.76	
-207.92	-355.12	232.76	
-207.92	-355.12	232.76	
-207.92	-355.12	232.76	
-157.32	-428.72	228.16	
-147.20	-437.92	226.32	
-139.84	-448.04	225.40	
-126.96	-462.76	220.80	
-117.76	-466.44	220.80	
-117.76	-466.44	220.80	
-117.76	-466.44	220.80	
-117.76	-466.44	220.80	
-117.76	-466.44	220.80	
-117.76	-466.44	220.80	
-34.96	-497.72	229.08	
-21.16	-499.56	232.76	
-15.64	-500.48	233.68	
0.92	-506.00	237.36	
2.76	-506.92	230.00	
2.76	-506.92	230.00	
2.76	-506.92	230.00	
2.76	-506.92	230.00	
2.76	-506.92	230.00	
2.76	-506.92	230.00	
55.20	-523.48	226.32	
65.32	-521.64	227.24	
67.16	-523.48	225.40	
70.84	-522.56	222.64	
74.52	-524.40	219.88	
74.52	-524.40	219.88	
74.52	-524.40	219.88	
74.52	-524.40	219.88	
74.52	-524.40	219.88	
74.52	-524.40	219.88	
74.52	-524.40	219.88	
84.64	-523.48	225.40	
87.40	-525.32	224.48	
83.72	-522.56	225.40	
80.96	-525.32	225.40	
80.96	-525.32	225.40	
80.96	-525.32	225.40	
80.96	-525.32	225.40	
80.96	-525.32	225.40	
80.96	-525.32	225.40	
86.48	-526.24	222.64	
83.72	-525.32	225.40	
83.72	-523.48	222.64	
84.64	-523.48	226.32	
89.24	-525.32	226.32	
89.24	-525.32	226.32	
89.24	-525.32	226.32	
89.24	-525.32	226.32	
89.24	-525.32	226.32	
89.24	-525.32	226.32	
89.24	-525.32	226.32	
94.76	-517.96	230.92	
90.16	-515.20	229.08	
93.84	-517.04	236.44	
94.76	-512.44	233.68	
94.76	-512.44	233.68	
94.76	-512.44	233.68	
94.76	-512.44	233.68	
94.76	-512.44	233.68	
94.76	-512.44	233.68	
94.76	-512.44	233.68	
104.88	-481.16	260.36	
102.12	-474.72	264.96	
103.96	-475.64	266.80	
103.04	-469.20	266.80	
106.72	-465.52	270.48	
106.72	-465.52	270.48	
106.72	-465.52	270.48	
106.72	-465.52	270.48	
106.72	-465.52	270.48	
106.72	-465.52	270.48	
114.08	-436.08	293.48	
116.84	-430.56	294.40	
115.92	-425.96	298.08	
119.60	-425.04	296.24	
119.60	-425.96	296.24	
119.60	-425.96	296.24	
119.60	-425.96	296.24	
119.60	-425.96	296.24	
119.60	-425.96	296.24	
119.60	-425.96	296.24	
120.52	-422.28	297.16	
121.44	-420.44	299.92	
125.12	-423.20	299.92	
122.36	-425.04	298.08	
122.36	-425.04	298.08	
122.36	-425.04	298.08	
122.36	-425.04	298.08	
122.36	-425.04	298.08	
122.36	-425.04	298.08	
122.36	-425.04	298.08	
125.12	-429.64	293.48	
126.04	-428.72	298.08	
123.28	-429.64	290.72	
126.04	-431.48	290.72	
121.44	-431.48	294.40	
121.44	-431.48	294.40	
121.44	-431.48	294.40	
121.44	-431.48	294.40	
121.44	-431.48	294.40	
121.44	-431.48	294.40	
120.52	-438.84	289.80	
122.36	-440.68	287.04	
120.52	-443.44	284.28	
121.44	-443.44	288.88	
122.36	-442.52	283.36	
122.36	-442.52	283.36	
122.36	-442.52	283.36	
122.36	-442.52	283.36	
122.36	-442.52	283.36	
122.36	-442.52	283.36	
122.36	-442.52	283.36	
121.44	-449.88	285.20	
119.60	-448.04	280.60	
122.36	-446.20	286.12	
122.36	-448.96	281.52	
122.36	-448.96	281.52	
122.36	-448.96	281.52	
122.36	-448.96	281.52	
122.36	-448.96	281.52	
122.36	-448.96	281.52	
122.36	-448.96	281.52	
119.60	-457.24	279.68	
115.00	-463.68	273.24	
115.00	-464.60	274.16	
114.08	-467.36	274.16	
114.08	-467.36	274.16	
114.08	-467.36	274.16	
114.08	-467.36	274.16	
114.08	-467.36	274.16	
114.08	-467.36	274.16	
114.08	-467.36	274.16	
49.68	-483.00	255.76	
19.32	-479.32	260.36	
-13.80	-476.56	262.20	
-44.16	-470.12	248.40	
-44.16	-470.12	248.40	
-44.16	-470.12	248.40	
-44.16	-470.12	248.40	
-44.16	-470.12	248.40	
-44.16	-470.12	248.40	
-44.16	-470.12	248.40	
-207.92	-379.04	233.68	
-216.20	-364.32	233.68	
-230.92	-345.00	232.76	
-245.64	-320.16	232.76	
-245.64	-320.16	232.76	
-245.64	-320.16	232.76	
-245.64	-320.16	232.76	
-245.64	-320.16	232.76	
-245.64	-320.16	232.76	
-245.64	-320.16	232.76	
-291.64	-203.32	222.64	
-294.40	-189.52	216.20	
-296.24	-184.92	224.48	
-298.08	-182.16	216.20	
-295.32	-175.72	218.96	
-295.32	-175.72	218.96	
-295.32	-175.72	218.96	
-295.32	-175.72	218.96	
-295.32	-175.72	218.96	
-295.32	-175.72	218.96	
-295.32	-147.20	223.56	
-296.24	-143.52	227.24	
-298.08	-143.52	219.88	
-297.16	-143.52	223.56	
-293.48	-139.84	220.80	
-293.48	-139.84	220.80	
-293.48	-139.84	220.80	
-293.48	-139.84	220.80	
-293.48	-139.84	220.80	
-293.48	-139.84	220.80	
-293.48	-139.84	220.80	
-293.48	-131.56	221.72	
-297.16	-136.16	221.72	
-295.32	-142.60	222.64	
-290.72	-146.28	225.40	
-290.72	-146.28	225.40	
-290.72	-146.28	225.40	
-290.72	-146.28	225.40	
-290.72	-146.28	225.40	
-290.72	-146.28	225.40	
-235.52	-333.04	233.68	
-224.48	-345.00	235.52	
-197.80	-379.04	236.44	
-167.44	-398.36	249.32	
-135.24	-417.68	245.64	
-135.24	-417.68	245.64	
-135.24	-417.68	245.64	
-135.24	-417.68	245.64	
-135.24	-417.68	245.64	
-135.24	-417.68	245.64	
-135.24	-417.68	245.64	
-16.56	-491.28	247.48	
-9.20	-496.80	239.20	
22.08	-504.16	242.88	
50.60	-510.60	236.44	
50.60	-510.60	236.44	
50.60	-510.60	236.44	
50.60	-510.60	236.44	
50.60	-510.60	236.44	
50.60	-510.60	236.44	
50.60	-510.60	236.44	
224.48	-437.92	271.40	
243.80	-415.84	276.00	
249.32	-405.72	282.44	
264.96	-389.16	281.52	
264.96	-389.16	281.52	
264.96	-389.16	281.52	
264.96	-389.16	281.52	
264.96	-389.16	281.52	
264.96	-389.16	281.52	
264.96	-389.16	281.52	
330.28	-367.08	264.04	
341.32	-364.32	256.68	
351.44	-357.88	256.68	
356.96	-357.88	248.40	
356.96	-357.88	248.40	
356.96	-357.88	248.40	
356.96	-357.88	248.40	
356.96	-357.88	248.40	
356.96	-357.88	248.40	
356.96	-357.88	248.40	
399.28	-276.00	250.24	
401.12	-256.68	253.00	
407.56	-240.12	254.84	
414.00	-224.48	250.24	
414.00	-224.48	250.24	
414.00	-224.48	250.24	
414.00	-224.48	250.24	
414.00	-224.48	250.24	
414.00	-224.48	250.24	
414.00	-224.48	250.24	
421.36	-167.44	252.08	
419.52	-161.00	251.16	
418.60	-149.96	261.28	
415.84	-142.60	254.84	
415.84	-142.60	254.84	
415.84	-142.60	254.84	
415.84	-142.60	254.84	
415.84	-142.60	254.84	
415.84	-142.60	254.84	
415.84	-142.60	254.84	
412.16	-118.68	255.76	
410.32	-115.00	257.60	
409.40	-114.08	257.60	
411.24	-112.24	256.68	
412.16	-107.64	257.60	
412.16	-107.64	257.60	
412.16	-107.64	257.60	
412.16	-107.64	257.60	
412.16	-107.64	257.60	
412.16	-107.64	257.60	
406.64	-123.28	265.88	
403.88	-126.96	261.28	
404.80	-127.88	266.80	
406.64	-126.04	267.72	
401.12	-127.88	265.88	
401.12	-127.88	265.88	
401.12	-127.88	265.88	
401.12	-127.88	265.88	
401.12	-127.88	265.88	
401.12	-127.88	265.88	
373.52	-195.04	284.28	
364.32	-213.44	287.96	
347.76	-236.44	297.16	
336.72	-258.52	295.32	
336.72	-258.52	295.32	
336.72	-258.52	295.32	
336.72	-258.52	295.32	
336.72	-258.52	295.32	
336.72	-258.52	295.32	
336.72	-258.52	295.32	
257.60	-355.12	301.76	
253.00	-362.48	298.08	
240.12	-382.72	299.00	
238.28	-401.12	291.64	
238.28	-401.12	291.64	
238.28	-401.12	291.64	
238.28	-401.12	291.64	
238.28	-401.12	291.64	
238.28	-401.12	291.64	
238.28	-401.12	291.64	
204.24	-422.28	287.96	
195.04	-416.76	289.80	
194.12	-417.68	293.48	
187.68	-414.00	292.56	
186.76	-414.92	294.40	
186.76	-414.92	294.40	
186.76	-414.92	294.40	
186.76	-414.92	294.40	
186.76	-414.92	294.40	
186.76	-414.92	294.40	
182.16	-426.88	290.72	
176.64	-434.24	288.88	
178.48	-441.60	290.72	
177.56	-443.44	283.36	
175.72	-440.68	279.68	
175.72	-440.68	279.68	
175.72	-440.68	279.68	
175.72	-440.68	279.68	
175.72	-440.68	279.68	
175.72	-440.68	279.68	
146.28	-437.00	289.80	
137.08	-431.48	296.24	
120.52	-435.16	294.40	
97.52	-437.00	293.48	
97.52	-437.00	293.48	
97.52	-437.00	293.48	
97.52	-437.00	293.48	
97.52	-437.00	293.48	
97.52	-437.00	293.48	
97.52	-437.00	293.48	
-108.56	-402.96	276.92	
-115.92	-391.00	279.68	
-133.40	-379.96	278.76	
-157.32	-363.40	273.24	
-170.20	-356.04	266.80	
-170.20	-356.04	266.80	
-170.20	-356.04	266.80	
-170.20	-356.04	266.80	
-170.20	-356.04	266.80	
-170.20	-356.04	266.80	
-289.80	-112.24	230.00	
-299.00	-84.64	217.12	
-301.76	-76.36	211.60	
-300.84	-50.60	207.00	
-293.48	-37.72	213.44	
-293.48	-37.72	213.44	
-293.48	-37.72	213.44	
-293.48	-37.72	213.44	
-293.48	-37.72	213.44	
-293.48	-37.72	213.44	
-248.40	58.88	208.84	
-240.12	79.12	205.16	
-225.40	94.76	211.60	
-221.72	97.52	211.60	
-211.60	103.04	214.36	
-211.60	103.04	214.36	
-211.60	103.04	214.36	
-211.60	103.04	214.36	
-211.60	103.04	214.36	
-211.60	103.04	214.36	
-63.48	157.32	252.08	
-35.88	175.72	250.24	
-16.56	187.68	240.12	
1.84	201.48	232.76	
10.12	207.92	230.00	
10.12	207.92	230.00	
10.12	207.92	230.00	
10.12	207.92	230.00	
10.12	207.92	230.00	
10.12	207.92	230.00	
94.76	238.28	205.16	
99.36	235.52	209.76	
108.56	236.44	202.40	
111.32	236.44	208.84	
114.08	232.76	212.52	
114.08	232.76	212.52	
114.08	232.76	212.52	
114.08	232.76	212.52	
114.08	232.76	212.52	
114.08	232.76	212.52	
114.08	232.76	212.52	
144.44	218.96	224.48	
140.76	216.20	222.64	
140.76	216.20	227.24	
136.16	218.04	220.80	
136.16	218.04	220.80	
136.16	218.04	220.80	
136.16	218.04	220.80	
136.16	218.04	220.80	
136.16	218.04	220.80	
136.16	218.04	220.80	
124.20	226.32	220.80	
122.36	228.16	218.04	
122.36	231.84	212.52	
120.52	234.60	211.60	
121.44	232.76	206.08	
121.44	232.76	206.08	
121.44	232.76	206.08	
121.44	232.76	206.08	
121.44	232.76	206.08	
121.44	232.76	206.08	
138.92	204.24	234.60	
136.16	195.96	240.12	
138.92	190.44	252.08	
135.24	189.52	246.56	
139.84	188.60	245.64	
139.84	188.60	245.64	
139.84	188.60	245.64	
139.84	188.60	245.64	
139.84	188.60	245.64	
139.84	188.60	245.64	
139.84	188.60	245.64	
141.68	200.56	240.12	
140.76	199.64	239.20	
140.76	198.72	239.20	
141.68	199.64	234.60	
141.68	199.64	234.60	
141.68	199.64	234.60	
141.68	199.64	234.60	
141.68	199.64	234.60	
141.68	199.64	234.60	
132.48	203.32	238.28	
132.48	199.64	234.60	
129.72	204.24	237.36	
126.04	206.08	237.36	
127.88	204.24	235.52	
127.88	204.24	235.52	
127.88	204.24	235.52	
127.88	204.24	235.52	
127.88	204.24	235.52	
127.88	204.24	235.52	
127.88	204.24	235.52	
118.68	192.28	249.32	
116.84	191.36	247.48	
114.08	193.20	248.40	
107.64	187.68	248.40	
107.64	187.68	248.40	
107.64	187.68	248.40	
107.64	187.68	248.40	
107.64	187.68	248.40	
107.64	187.68	248.40	
107.64	187.68	248.40	
103.04	137.08	282.44	
111.32	130.64	288.88	
113.16	133.40	287.96	
116.84	127.88	287.04	
119.60	128.80	287.96	
119.60	128.80	287.96	
119.60	128.80	287.96	
119.60	128.80	287.96	
119.60	128.80	287.96	
119.60	128.80	287.96	
129.72	137.08	283.36	
132.48	142.60	278.76	
136.16	155.48	273.24	
133.40	161.00	264.04	
132.48	169.28	259.44	
132.48	169.28	259.44	
132.48	169.28	259.44	
132.48	169.28	259.44	
132.48	169.28	259.44	
132.48	169.28	259.44	
123.28	250.24	192.28	
126.04	257.60	189.52	
122.36	259.44	182.16	
122.36	257.60	180.32	
123.28	263.12	181.24	
123.28	263.12	181.24	
123.28	263.12	181.24	
123.28	263.12	181.24	
123.28	263.12	181.24	
123.28	263.12	181.24	
129.72	246.56	197.80	
131.56	243.80	203.32	
134.32	239.20	202.40	
138.00	237.36	206.08	
140.76	233.68	206.08	
140.76	233.68	206.08	
140.76	233.68	206.08	
140.76	233.68	206.08	
140.76	233.68	206.08	
140.76	233.68	206.08	
132.48	246.56	193.20	
134.32	250.24	190.44	
134.32	254.84	187.68	
129.72	253.92	187.68	
127.88	257.60	180.32	
127.88	257.60	180.32	
127.88	257.60	180.32	
127.88	257.60	180.32	
127.88	257.60	180.32	
127.88	257.60	180.32	
127.88	257.60	180.32	
113.16	281.52	156.40	
109.48	286.12	148.12	
109.48	288.88	151.80	
104.88	293.48	138.00	
104.88	293.48	138.00	
104.88	293.48	138.00	
104.88	293.48	138.00	
104.88	293.48	138.00	
104.88	293.48	138.00	
104.88	293.48	138.00	
97.52	294.40	131.56	
96.60	294.40	136.16	
101.20	295.32	143.52	
100.28	290.72	140.76	
100.28	290.72	140.76	
100.28	290.72	140.76	
100.28	290.72	140.76	
100.28	290.72	140.76	
100.28	290.72	140.76	
100.28	290.72	140.76	
108.56	282.44	155.48	
104.88	278.76	160.08	
111.32	278.76	167.44	
109.48	276.92	164.68	
109.48	276.92	164.68	
109.48	276.92	164.68	
109.48	276.92	164.68	
109.48	276.92	164.68	
109.48	276.92	164.68	
109.48	276.92	164.68	
115.00	274.16	167.44	
113.16	274.16	170.20	
115.00	274.16	167.44	
110.40	275.08	165.60	
113.16	273.24	165.60	
113.16	273.24	165.60	
113.16	273.24	165.60	
113.16	273.24	165.60	
113.16	273.24	165.60	
113.16	273.24	165.60	
110.40	272.32	165.60	
103.04	275.08	162.84	
99.36	280.60	162.84	
87.40	280.60	154.56	
79.12	285.20	157.32	
79.12	285.20	157.32	
79.12	285.20	157.32	
79.12	285.20	157.32	
79.12	285.20	157.32	
79.12	285.20	157.32	
60.72	264.04	183.08	
59.80	252.08	197.80	
56.12	236.44	206.08	
53.36	235.52	210.68	
45.08	228.16	216.20	
45.08	228.16	216.20	
45.08	228.16	216.20	
45.08	228.16	216.20	
45.08	228.16	216.20	
45.08	228.16	216.20	
45.08	228.16	216.20	
-149.96	153.64	210.68	
-195.04	111.32	207.92	
-238.28	60.72	204.24	
-250.24	42.32	203.32	
-250.24	42.32	203.32	
-250.24	42.32	203.32	
-250.24	42.32	203.32	
-250.24	42.32	203.32	
-250.24	42.32	203.32	
-268.64	-178.48	236.44	
-265.88	-191.36	237.36	
-265.88	-225.40	241.96	
-265.88	-252.08	233.68	
-259.44	-264.04	233.68	
-259.44	-264.04	233.68	
-259.44	-264.04	233.68	
-259.44	-264.04	233.68	
-259.44	-264.04	233.68	
-259.44	-264.04	233.68	
-168.36	-443.44	211.60	
-144.44	-473.80	204.24	
-137.08	-484.84	199.64	
-125.12	-498.64	195.04	
-107.64	-506.00	197.80	
-107.64	-506.00	197.80	
-107.64	-506.00	197.80	
-107.64	-506.00	197.80	
-107.64	-506.00	197.80	
-107.64	-506.00	197.80	
-107.64	-506.00	197.80	
-10.12	-518.88	221.72	
5.52	-532.68	214.36	
15.64	-538.20	208.84	
33.12	-547.40	203.32	
33.12	-547.40	203.32	
33.12	-547.40	203.32	
33.12	-547.40	203.32	
33.12	-547.40	203.32	
33.12	-547.40	203.32	
33.12	-547.40	203.32	
102.12	-558.44	187.68	
108.56	-560.28	191.36	
111.32	-556.60	192.28	
111.32	-556.60	192.28	
114.08	-554.76	194.12	
114.08	-554.76	194.12	
114.08	-554.76	194.12	
114.08	-554.76	194.12	
114.08	-554.76	194.12	
114.08	-554.76	194.12	
115.92	-559.36	193.20	
115.92	-556.60	194.12	
115.92	-553.84	195.96	
116.84	-553.84	195.04	
116.84	-553.84	195.04	
116.84	-553.84	195.04	
116.84	-553.84	195.04	
116.84	-553.84	195.04	
116.84	-553.84	195.04	
116.84	-553.84	195.04	
138.00	-540.96	207.92	
138.00	-535.44	210.68	
141.68	-530.84	216.20	
149.04	-527.16	220.80	
152.72	-527.16	219.88	
152.72	-527.16	219.88	
152.72	-527.16	219.88	
152.72	-527.16	219.88	
152.72	-527.16	219.88	
152.72	-527.16	219.88	
177.56	-452.64	273.24	
184.00	-428.72	287.04	
186.76	-420.44	287.96	
195.96	-400.20	300.84	
199.64	-397.44	299.00	
199.64	-397.44	299.00	
199.64	-397.44	299.00	
199.64	-397.44	299.00	
199.64	-397.44	299.00	
199.64	-397.44	299.00	
199.64	-397.44	299.00	
214.36	-372.60	304.52	
215.28	-379.04	304.52	
218.04	-379.04	305.44	
216.20	-379.96	301.76	
216.20	-379.96	301.76	
216.20	-379.96	301.76	
216.20	-379.96	301.76	
216.20	-379.96	301.76	
216.20	-379.96	301.76	
216.20	-379.96	301.76	
214.36	-334.88	322.92	
210.68	-312.80	329.36	
206.08	-288.88	339.48	
199.64	-271.40	342.24	
198.72	-254.84	341.32	
198.72	-254.84	341.32	
198.72	-254.84	341.32	
198.72	-254.84	341.32	
198.72	-254.84	341.32	
198.72	-254.84	341.32	
172.04	-130.64	358.80	
166.52	-119.60	353.28	
161.00	-103.04	354.20	
156.40	-91.08	354.20	
157.32	-82.80	351.44	
157.32	-82.80	351.44	
157.32	-82.80	351.44	
157.32	-82.80	351.44	
157.32	-82.80	351.44	
157.32	-82.80	351.44	
128.80	-21.16	344.08	
127.88	-10.12	342.24	
130.64	12.88	336.72	
125.12	32.20	332.12	
120.52	42.32	330.28	
120.52	42.32	330.28	
120.52	42.32	330.28	
120.52	42.32	330.28	
120.52	42.32	330.28	
120.52	42.32	330.28	
120.52	42.32	330.28	
101.20	77.28	326.60	
99.36	77.28	313.72	
94.76	92.00	316.48	
88.32	103.04	302.68	
88.32	103.04	302.68	
88.32	103.04	302.68	
88.32	103.04	302.68	
88.32	103.04	302.68	
88.32	103.04	302.68	
88.32	103.04	302.68	
81.88	168.36	268.64	
79.12	174.80	261.28	
80.04	180.32	264.96	
80.04	184.92	258.52	
79.12	184.00	255.76	
79.12	184.00	255.76	
79.12	184.00	255.76	
79.12	184.00	255.76	
79.12	184.00	255.76	
79.12	184.00	255.76	
73.60	188.60	256.68	
75.44	189.52	253.92	
76.36	193.20	252.08	
76.36	191.36	255.76	
78.20	192.28	253.00	
78.20	192.28	253.00	
78.20	192.28	253.00	
78.20	192.28	253.00	
78.20	192.28	253.00	
78.20	192.28	253.00	
78.20	192.28	253.00	
80.96	196.88	247.48	
80.96	194.12	249.32	
78.20	195.04	253.92	
75.44	189.52	248.40	
75.44	189.52	248.40	
75.44	189.52	248.40	
75.44	189.52	248.40	
75.44	189.52	248.40	
75.44	189.52	248.40	
75.44	189.52	248.40	
80.04	176.64	262.20	
77.28	176.64	261.28	
80.04	177.56	264.04	
73.60	179.40	258.52	
73.60	179.40	258.52	
73.60	179.40	258.52	
73.60	179.40	258.52	
73.60	179.40	258.52	
73.60	179.40	258.52	
73.60	179.40	258.52	
80.96	159.16	273.24	
80.04	160.08	276.92	
80.04	155.48	276.92	
81.88	154.56	276.92	
77.28	153.64	277.84	
77.28	153.64	277.84	
77.28	153.64	277.84	
77.28	153.64	277.84	
77.28	153.64	277.84	
77.28	153.64	277.84	
77.28	153.64	277.84	
75.44	178.48	261.28	
75.44	177.56	259.44	
76.36	171.12	267.72	
78.20	159.16	273.24	
78.20	159.16	273.24	
78.20	159.16	273.24	
78.20	159.16	273.24	
78.20	159.16	273.24	
78.20	159.16	273.24	
78.20	159.16	273.24	
72.68	122.36	299.00	
74.52	120.52	292.56	
76.36	125.12	295.32	
76.36	123.28	295.32	
74.52	127.88	291.64	
74.52	127.88	291.64	
74.52	127.88	291.64	
74.52	127.88	291.64	
74.52	127.88	291.64	
74.52	127.88	291.64	
78.20	131.56	289.80	
77.28	130.64	291.64	
77.28	133.40	287.04	
74.52	130.64	291.64	
69.00	134.32	287.04	
69.00	134.32	287.04	
69.00	134.32	287.04	
69.00	134.32	287.04	
69.00	134.32	287.04	
69.00	134.32	287.04	
69.00	134.32	287.04	
91.08	53.36	326.60	
93.84	22.08	332.12	
92.92	-5.52	346.84	
96.60	-23.00	347.76	
98.44	-39.56	349.60	
98.44	-39.56	349.60	
98.44	-39.56	349.60	
98.44	-39.56	349.60	
98.44	-39.56	349.60	
98.44	-39.56	349.60	
115.00	-202.40	359.72	
122.36	-230.00	352.36	
129.72	-256.68	355.12	
133.40	-295.32	342.24	
133.40	-295.32	342.24	
133.40	-295.32	342.24	
133.40	-295.32	342.24	
133.40	-295.32	342.24	
133.40	-295.32	342.24	
133.40	-295.32	342.24	
118.68	-500.48	245.64	
108.56	-515.20	235.52	
82.80	-535.44	214.36	
56.12	-557.52	190.44	
56.12	-557.52	190.44	
56.12	-557.52	190.44	
56.12	-557.52	190.44	
56.12	-557.52	190.44	
56.12	-557.52	190.44	
56.12	-557.52	190.44	
23.00	-627.44	46.00	
22.08	-628.36	22.08	
23.92	-631.12	11.96	
17.48	-632.04	-17.48	
12.88	-631.12	-27.60	
12.88	-631.12	-27.60	
12.88	-631.12	-27.60	
12.88	-631.12	-27.60	
12.88	-631.12	-27.60	
12.88	-631.12	-27.60	
-26.68	-597.08	-161.92	
-24.84	-587.88	-180.32	
-17.48	-580.52	-199.64	
-13.80	-574.08	-210.68	
-14.72	-572.24	-217.12	
-14.72	-572.24	-217.12	
-14.72	-572.24	-217.12	
-14.72	-572.24	-217.12	
-14.72	-572.24	-217.12	
-14.72	-572.24	-217.12	
0.92	-512.44	-284.28	
-1.84	-504.16	-297.16	
0.00	-495.88	-306.36	
0.00	-484.84	-314.64	
3.68	-476.56	-320.16	
3.68	-476.56	-320.16	
3.68	-476.56	-320.16	
3.68	-476.56	-320.16	
3.68	-476.56	-320.16	
3.68	-476.56	-320.16	
10.12	-363.40	-383.64	
12.88	-356.96	-392.84	
11.96	-337.64	-394.68	
11.04	-321.08	-401.12	
5.52	-314.64	-404.80	
5.52	-314.64	-404.80	
5.52	-314.64	-404.80	
5.52	-314.64	-404.80	
5.52	-314.64	-404.80	
5.52	-314.64	-404.80	
5.52	-314.64	-404.80	
-0.92	-241.04	-424.12	
-2.76	-236.44	-422.28	
-7.36	-222.64	-424.12	
-7.36	-211.60	-425.04	
-7.36	-211.60	-425.04	
-7.36	-211.60	-425.04	
-7.36	-211.60	-425.04	
-7.36	-211.60	-425.04	
-7.36	-211.60	-425.04	
-7.36	-211.60	-425.04	
-22.08	-217.12	-423.20	
-21.16	-216.20	-424.12	
-22.08	-212.52	-424.12	
-21.16	-216.20	-425.04	
-19.32	-217.12	-424.12	
-19.32	-217.12	-424.12	
-19.32	-217.12	-424.12	
-19.32	-217.12	-424.12	
-19.32	-217.12	-424.12	
-19.32	-217.12	-424.12	
-17.48	-208.84	-424.12	
-16.56	-211.60	-421.36	
-17.48	-213.44	-425.04	
-16.56	-210.68	-423.20	
-15.64	-212.52	-425.96	
-15.64	-212.52	-425.96	
-15.64	-212.52	-425.96	
-15.64	-212.52	-425.96	
-15.64	-212.52	-425.96	
-15.64	-212.52	-425.96	
-15.64	-212.52	-425.96	
-33.12	-220.80	-422.28	
-37.72	-220.80	-418.60	
-44.16	-230.00	-417.68	
-46.92	-233.68	-415.84	
-47.84	-232.76	-415.84	
-47.84	-232.76	-415.84	
-47.84	-232.76	-415.84	
-47.84	-232.76	-415.84	
-47.84	-232.76	-415.84	
-47.84	-232.76	-415.84	
-80.04	-253.00	-400.20	
-80.96	-254.84	-401.12	
-81.88	-263.12	-402.96	
-84.64	-269.56	-400.20	
-87.40	-271.40	-395.60	
-87.40	-271.40	-395.60	
-87.40	-271.40	-395.60	
-87.40	-271.40	-395.60	
-87.40	-271.40	-395.60	
-87.40	-271.40	-395.60	
-126.04	-300.84	-376.28	
-131.56	-303.60	-369.84	
-144.44	-308.20	-365.24	
-157.32	-308.20	-353.28	
-168.36	-303.60	-357.88	
-168.36	-303.60	-357.88	
-168.36	-303.60	-357.88	
-168.36	-303.60	-357.88	
-168.36	-303.60	-357.88	
-168.36	-303.60	-357.88	
-168.36	-303.60	-357.88	
-223.56	-235.52	-345.92	
-218.96	-231.84	-346.84	
-209.76	-224.48	-354.20	
-200.56	-221.72	-361.56	
-200.56	-221.72	-361.56	
-200.56	-221.72	-361.56	
-200.56	-221.72	-361.56	
-200.56	-221.72	-361.56	
-200.56	-221.72	-361.56	
-200.56	-221.72	-361.56	
-77.28	-208.84	-409.40	
-50.60	-186.76	-417.68	
-36.80	-173.88	-420.44	
-12.88	-157.32	-428.72	
0.92	-149.96	-428.72	
0.92	-149.96	-428.72	
0.92	-149.96	-428.72	
0.92	-149.96	-428.72	
0.92	-149.96	-428.72	
0.92	-149.96	-428.72	
142.60	-69.00	-422.28	
167.44	-56.12	-424.12	
192.28	-46.92	-417.68	
202.40	-43.24	-413.08	
226.32	-38.64	-405.72	
226.32	-38.64	-405.72	
226.32	-38.64	-405.72	
226.32	-38.64	-405.72	
226.32	-38.64	-405.72	
226.32	-38.64	-405.72	
226.32	-38.64	-405.72	
351.44	-9.20	-350.52	
371.68	-9.20	-336.72	
386.40	-13.80	-326.60	
389.16	-7.36	-326.60	
398.36	-8.28	-322.92	
398.36	-8.28	-322.92	
398.36	-8.28	-322.92	
398.36	-8.28	-322.92	
398.36	-8.28	-322.92	
398.36	-8.28	-322.92	
438.84	5.52	-274.16	
436.08	-7.36	-277.84	
432.40	-11.96	-289.80	
425.96	-13.80	-295.32	
424.12	-17.48	-296.24	
424.12	-17.48	-296.24	
424.12	-17.48	-296.24	
424.12	-17.48	-296.24	
424.12	-17.48	-296.24	
424.12	-17.48	-296.24	
306.36	11.04	-368.00	
289.80	16.56	-368.00	
260.36	26.68	-380.88	
251.16	46.00	-379.04	
249.32	52.44	-377.20	
249.32	52.44	-377.20	
249.32	52.44	-377.20	
249.32	52.44	-377.20	
249.32	52.44	-377.20	
249.32	52.44	-377.20	
233.68	92.00	-360.64	
230.92	86.48	-365.24	
230.92	85.56	-372.60	
230.00	75.44	-379.04	
213.44	57.04	-386.40	
213.44	57.04	-386.40	
213.44	57.04	-386.40	
213.44	57.04	-386.40	
213.44	57.04	-386.40	
213.44	57.04	-386.40	
213.44	57.04	-386.40	
-79.12	43.24	-377.20	
-135.24	29.44	-369.84	
-161.00	28.52	-353.28	
-208.84	22.08	-330.28	
-208.84	22.08	-330.28	
-208.84	22.08	-330.28	
-208.84	22.08	-330.28	
-208.84	22.08	-330.28	
-208.84	22.08	-330.28	
-208.84	22.08	-330.28	
-405.72	-60.72	-96.60	
-414.00	-72.68	-54.28	
-413.08	-96.60	-8.28	
-411.24	-107.64	13.80	
-412.16	-118.68	34.96	
-412.16	-118.68	34.96	
-412.16	-118.68	34.96	
-412.16	-118.68	34.96	
-412.16	-118.68	34.96	
-412.16	-118.68	34.96	
-310.04	-253.00	197.80	
-294.40	-269.56	207.92	
-277.84	-282.44	219.88	
-247.48	-295.32	240.12	
-247.48	-295.32	240.12	
-247.48	-295.32	240.12	
-247.48	-295.32	240.12	
-247.48	-295.32	240.12	
-247.48	-295.32	240.12	
-247.48	-295.32	240.12	
-109.48	-362.48	291.64	
-100.28	-370.76	293.48	
-81.88	-394.68	286.12	
-53.36	-421.36	280.60	
-41.40	-442.52	269.56	
-41.40	-442.52	269.56	
-41.40	-442.52	269.56	
-41.40	-442.52	269.56	
-41.40	-442.52	269.56	
-41.40	-442.52	269.56	
-41.40	-442.52	269.56	
145.36	-592.48	129.72	
160.08	-595.24	111.32	
187.68	-602.60	85.56	
210.68	-609.04	52.44	
210.68	-609.04	52.44	
210.68	-609.04	52.44	
210.68	-609.04	52.44	
210.68	-609.04	52.44	
210.68	-609.04	52.44	
210.68	-609.04	52.44	
379.04	-538.20	-20.24	
409.40	-506.92	-21.16	
425.96	-492.20	-22.08	
456.32	-462.76	-18.40	
466.44	-444.36	-18.40	
466.44	-444.36	-18.40	
466.44	-444.36	-18.40	
466.44	-444.36	-18.40	
466.44	-444.36	-18.40	
466.44	-444.36	-18.40	
466.44	-444.36	-18.40	
561.20	-184.92	30.36	
561.20	-158.24	36.80	
559.36	-148.12	45.08	
554.76	-138.92	46.92	
554.76	-138.92	46.92	
554.76	-138.92	46.92	
554.76	-138.92	46.92	
554.76	-138.92	46.92	
554.76	-138.92	46.92	
554.76	-138.92	46.92	
533.60	-46.00	86.48	
522.56	-21.16	97.52	
507.84	-1.84	117.76	
496.80	9.20	120.52	
489.44	24.84	126.04	
489.44	24.84	126.04	
489.44	24.84	126.04	
489.44	24.84	126.04	
489.44	24.84	126.04	
489.44	24.84	126.04	
409.40	108.56	170.20	
392.84	126.04	172.96	
372.60	145.36	179.40	
351.44	154.56	181.24	
342.24	166.52	182.16	
342.24	166.52	182.16	
342.24	166.52	182.16	
342.24	166.52	182.16	
342.24	166.52	182.16	
342.24	166.52	182.16	
292.56	173.88	207.00	
291.64	171.12	208.84	
278.76	170.20	218.96	
259.44	168.36	225.40	
241.96	167.44	235.52	
241.96	167.44	235.52	
241.96	167.44	235.52	
241.96	167.44	235.52	
241.96	167.44	235.52	
241.96	167.44	235.52	
241.96	167.44	235.52	
153.64	159.16	264.96	
149.96	155.48	271.40	
143.52	155.48	270.48	
136.16	154.56	270.48	
132.48	152.72	268.64	
132.48	152.72	268.64	
132.48	152.72	268.64	
132.48	152.72	268.64	
132.48	152.72	268.64	
132.48	152.72	268.64	
79.12	132.48	287.96	
70.84	126.96	289.80	
67.16	119.60	291.64	
63.48	116.84	295.32	
66.24	112.24	296.24	
66.24	112.24	296.24	
66.24	112.24	296.24	
66.24	112.24	296.24	
66.24	112.24	296.24	
66.24	112.24	296.24	
17.48	64.40	319.24	
2.76	53.36	322.00	
-17.48	36.80	322.92	
-27.60	25.76	323.84	
-43.24	8.28	324.76	
-43.24	8.28	324.76	
-43.24	8.28	324.76	
-43.24	8.28	324.76	
-43.24	8.28	324.76	
-43.24	8.28	324.76	
-43.24	8.28	324.76	
-116.84	-19.32	312.80	
-131.56	-13.80	309.12	
-151.80	-6.44	301.76	
-161.92	-3.68	290.72	
-169.28	0.92	287.96	
-169.28	0.92	287.96	
-169.28	0.92	287.96	
-169.28	0.92	287.96	
-169.28	0.92	287.96	
-169.28	0.92	287.96	
-169.28	0.92	287.96	
-264.04	64.40	196.88	
-272.32	69.92	177.56	
-287.04	72.68	165.60	
-292.56	69.92	157.32	
-292.56	69.92	157.32	
-292.56	69.92	157.32	
-292.56	69.92	157.32	
-292.56	69.92	157.32	
-292.56	69.92	157.32	
-292.56	69.92	157.32	
-352.36	66.24	50.60	
-356.96	69.00	34.04	
-357.88	69.00	23.00	
-364.32	63.48	1.84	
-364.32	63.48	1.84	
-364.32	63.48	1.84	
-364.32	63.48	1.84	
-364.32	63.48	1.84	
-364.32	63.48	1.84	
-364.32	63.48	1.84	
-383.64	-50.60	-144.44	
-381.80	-56.12	-161.00	
-373.52	-80.96	-180.32	
-372.60	-98.44	-192.28	
-368.92	-110.40	-199.64	
-368.92	-110.40	-199.64	
-368.92	-110.40	-199.64	
-368.92	-110.40	-199.64	
-368.92	-110.40	-199.64	
-368.92	-110.40	-199.64	
-326.60	-248.40	-239.20	
-312.80	-273.24	-252.08	
-301.76	-283.36	-257.60	
-282.44	-308.20	-267.72	
-264.04	-329.36	-274.16	
-264.04	-329.36	-274.16	
-264.04	-329.36	-274.16	
-264.04	-329.36	-274.16	
-264.04	-329.36	-274.16	
-264.04	-329.36	-274.16	
-264.04	-329.36	-274.16	
-123.28	-441.60	-299.00	
-95.68	-456.32	-301.76	
-83.72	-460.92	-303.60	
-58.88	-475.64	-304.52	
-42.32	-481.16	-300.84	
-42.32	-481.16	-300.84	
-42.32	-481.16	-300.84	
-42.32	-481.16	-300.84	
-42.32	-481.16	-300.84	
-42.32	-481.16	-300.84	
35.88	-534.52	-265.88	
55.20	-536.36	-269.56	
76.36	-540.96	-262.20	
91.08	-546.48	-258.52	
103.96	-548.32	-256.68	
103.96	-548.32	-256.68	
103.96	-548.32	-256.68	
103.96	-548.32	-256.68	
103.96	-548.32	-256.68	
103.96	-548.32	-256.68	
103.96	-548.32	-256.68	
258.52	-545.56	-207.92	
267.72	-542.80	-203.32	
287.96	-540.04	-196.88	
292.56	-533.60	-196.88	
304.52	-533.60	-192.28	
304.52	-533.60	-192.28	
304.52	-533.60	-192.28	
304.52	-533.60	-192.28	
304.52	-533.60	-192.28	
304.52	-533.60	-192.28	
380.88	-510.60	-137.08	
383.64	-515.20	-116.84	
383.64	-517.96	-99.36	
386.40	-522.56	-79.12	
384.56	-523.48	-69.00	
384.56	-523.48	-69.00	
384.56	-523.48	-69.00	
384.56	-523.48	-69.00	
384.56	-523.48	-69.00	
384.56	-523.48	-69.00	
315.56	-550.16	100.28	
302.68	-548.32	113.16	
279.68	-539.12	142.60	
260.36	-527.16	169.28	
245.64	-516.12	189.52	
245.64	-516.12	189.52	
245.64	-516.12	189.52	
245.64	-516.12	189.52	
245.64	-516.12	189.52	
245.64	-516.12	189.52	
245.64	-516.12	189.52	
98.44	-433.32	285.20	
89.24	-423.20	295.32	
69.00	-405.72	300.84	
45.08	-391.92	307.28	
34.04	-385.48	306.36	
34.04	-385.48	306.36	
34.04	-385.48	306.36	
34.04	-385.48	306.36	
34.04	-385.48	306.36	
34.04	-385.48	306.36	
-41.40	-296.24	336.72	
-28.52	-290.72	336.72	
-28.52	-294.40	330.28	
-19.32	-299.00	333.96	
0.00	-307.28	336.72	
0.00	-307.28	336.72	
0.00	-307.28	336.72	
0.00	-307.28	336.72	
0.00	-307.28	336.72	
0.00	-307.28	336.72	
0.00	-307.28	336.72	
10.12	-297.16	340.40	
15.64	-292.56	344.08	
23.00	-292.56	342.24	
24.84	-288.88	344.08	
24.84	-288.88	344.08	
24.84	-288.88	344.08	
24.84	-288.88	344.08	
24.84	-288.88	344.08	
24.84	-288.88	344.08	
24.84	-288.88	344.08	
37.72	-275.08	345.92	
41.40	-276.00	348.68	
51.52	-272.32	354.20	
61.64	-273.24	345.92	
74.52	-272.32	347.76	
74.52	-272.32	347.76	
74.52	-272.32	347.76	
74.52	-272.32	347.76	
74.52	-272.32	347.76	
74.52	-272.32	347.76	
69.92	-250.24	353.28	
70.84	-251.16	351.44	
66.24	-252.08	350.52	
60.72	-248.40	355.12	
57.04	-247.48	349.60	
57.04	-247.48	349.60	
57.04	-247.48	349.60	
57.04	-247.48	349.60	
57.04	-247.48	349.60	
57.04	-247.48	349.60	
39.56	-238.28	351.44	
41.40	-234.60	352.36	
46.00	-233.68	352.36	
51.52	-234.60	354.20	
56.12	-237.36	351.44	
56.12	-237.36	351.44	
56.12	-237.36	351.44	
56.12	-237.36	351.44	
56.12	-237.36	351.44	
56.12	-237.36	351.44	
56.12	-237.36	351.44	
80.04	-251.16	349.60	
86.48	-250.24	350.52	
91.08	-255.76	351.44	
99.36	-263.12	351.44	
103.96	-264.96	350.52	
103.96	-264.96	350.52	
103.96	-264.96	350.52	
103.96	-264.96	350.52	
103.96	-264.96	350.52	
103.96	-264.96	350.52	
155.48	-310.96	335.80	
154.56	-313.72	333.04	
149.96	-314.64	335.80	
144.44	-316.48	333.96	
144.44	-322.92	333.04	
144.44	-322.92	333.04	
144.44	-322.92	333.04	
144.44	-322.92	333.04	
144.44	-322.92	333.04	
144.44	-322.92	333.04	
144.44	-322.92	333.04	
161.00	-344.08	326.60	
166.52	-345.92	325.68	
170.20	-347.76	325.68	
173.88	-363.40	315.56	
173.88	-363.40	315.56	
173.88	-363.40	315.56	
173.88	-363.40	315.56	
173.88	-363.40	315.56	
173.88	-363.40	315.56	
173.88	-363.40	315.56	
216.20	-391.00	296.24	
222.64	-393.76	291.64	
228.16	-401.12	290.72	
224.48	-409.40	281.52	
228.16	-422.28	276.92	
228.16	-422.28	276.92	
228.16	-422.28	276.92	
228.16	-422.28	276.92	
228.16	-422.28	276.92	
228.16	-422.28	276.92	
236.44	-452.64	252.08	
248.40	-457.24	252.08	
256.68	-455.40	242.88	
257.60	-460.00	240.12	
264.96	-462.76	236.44	
264.96	-462.76	236.44	
